344	156	422	1094	109	172	625	187	219	828	797	235	140	360	765	844	516	296	250	704	140	360	500	140	219	562	313	94	125	375	328	156	156	125	688	125	406	141	203	531	234	672	94	94	94	78	93	78	78	94	94	63	78	78	78	94	93	63	94	78	79	63	62	78	62	78	78	62	79	78	78	93	62	94	94	78	47	62	94	109	93	94	63	79	94	366.279	0
157	125	93	891	219	31	250	797	859	313	297	203	797	546	188	469	500	359	203	485	140	235	562	109	329	703	484	156	125	250	766	219	140	141	828	125	344	203	984	735	156	141	78	78	62	63	94	78	94	94	78	63	62	78	78	109	79	94	93	93	94	78	78	94	93	78	125	78	78	78	219	141	63	109	93	110	62	63	109	94	94	63	93	78	93	366.279	0
312	172	172	844	171	63	203	203	406	610	328	172	187	1063	281	938	421	188	344	547	171	329	578	203	515	344	391	140	172	282	531	187	188	156	672	219	250	343	829	453	156	312	109	94	94	78	78	94	94	125	63	79	78	94	78	110	78	63	78	79	94	78	78	63	62	62	109	110	78	78	235	110	78	109	110	109	94	78	93	140	79	78	93	78	79	351.744	0
203	172	156	406	297	31	282	172	187	938	296	172	469	156	157	781	172	453	203	516	140	344	687	172	578	329	328	78	187	328	704	218	172	156	500	157	453	172	234	578	156	313	94	78	78	63	110	78	94	78	78	63	78	79	78	94	78	78	78	78	94	78	78	94	62	63	94	63	78	62	62	94	63	78	78	78	47	63	78	62	93	78	47	79	94	309.233	0
250	281	204	687	531	63	234	172	203	860	203	281	1031	375	141	734	281	219	516	625	187	282	484	250	297	453	391	187	234	1813	906	188	172	171	875	125	344	203	250	375	141	406	94	94	94	93	94	110	109	78	94	63	78	93	94	78	63	94	78	110	78	109	94	94	78	78	78	62	78	78	78	94	47	78	93	78	79	94	110	110	78	63	78	78	94	388.814	0
187	172	188	875	531	94	187	203	407	578	281	156	235	250	140	953	235	703	141	468	141	359	516	172	172	625	375	156	125	562	438	172	172	140	641	156	313	203	390	516	203	391	94	79	94	78	78	125	109	94	94	62	78	78	78	93	62	78	94	94	78	78	78	94	63	78	94	78	78	250	219	156	110	94	109	109	63	78	110	109	78	79	94	110	62	325.209	0
234	250	219	1078	172	47	266	172	500	406	203	203	203	547	172	547	562	172	250	719	156	281	500	110	156	734	344	141	125	1422	515	625	141	141	406	156	531	407	171	454	171	297	94	79	94	78	110	78	109	93	78	62	62	62	78	78	94	62	62	94	94	31	78	94	79	79	78	47	79	250	234	172	109	110	78	94	62	62	125	94	78	63	93	110	63	348.116	0
171	141	125	1156	438	62	157	265	219	703	250	234	157	484	375	594	203	219	797	593	157	390	203	219	188	781	281	141	125	187	1360	171	141	94	687	94	469	172	297	968	141	141	93	94	78	78	110	94	110	93	110	62	78	94	79	93	63	63	78	78	78	78	94	78	78	110	109	62	62	94	187	93	63	93	94	94	78	78	109	94	93	62	78	94	78	344.837	0
157	172	578	625	125	47	234	391	234	328	328	172	156	453	141	781	485	187	203	532	171	532	125	359	266	468	360	156	156	297	422	203	235	171	641	141	562	172	500	766	484	188	94	93	125	78	93	78	93	109	78	78	109	94	94	78	79	94	63	93	78	63	78	79	187	125	109	78	94	78	219	141	78	109	94	78	63	47	109	78	109	94	78	94	78	320.512	0
172	141	609	719	156	62	344	141	344	562	313	171	922	141	172	1015	329	187	172	484	157	406	125	250	203	719	390	141	109	375	407	203	218	188	516	218	328	172	344	609	313	250	94	94	109	78	109	109	125	94	109	93	141	109	110	94	78	78	79	125	94	78	78	93	187	140	125	78	78	78	187	172	63	93	93	94	62	62	110	94	110	109	94	78	94	323.047	0
515	188	297	750	109	62	594	219	453	594	484	578	219	281	297	860	328	297	265	906	204	359	109	344	156	641	266	265	125	328	438	187	157	140	656	219	344	203	234	454	187	594	93	110	93	78	78	94	94	94	78	63	109	110	78	94	141	78	93	78	78	78	94	93	187	125	94	63	94	125	172	110	94	94	78	93	94	79	94	62	109	94	78	94	109	349.186	0
250	187	188	453	172	62	594	109	188	593	235	156	156	328	141	922	141	390	156	735	172	703	94	234	156	953	219	94	234	406	422	172	156	125	1032	125	609	141	625	937	235	203	93	78	78	62	78	78	78	62	63	47	79	62	94	94	63	63	62	93	63	63	78	93	172	140	94	78	63	141	281	125	94	94	94	94	79	93	93	78	125	93	125	109	109	332.837	0
188	281	391	750	562	78	344	141	172	781	297	187	203	266	203	703	328	157	234	797	156	500	156	313	1422	1000	344	156	156	172	453	188	125	109	422	219	234	203	656	391	187	250	94	94	78	78	94	125	110	78	94	93	125	78	110	94	78	78	63	79	78	94	78	78	235	141	94	78	94	109	203	94	78	109	93	93	78	94	109	125	94	78	94	110	94	348.116	0
219	109	188	1016	218	47	219	219	203	609	250	188	140	532	171	750	422	266	203	484	188	484	110	359	203	391	312	94	125	219	453	203	172	187	532	140	266	187	282	203	219	312	125	94	79	78	93	78	94	94	93	94	110	94	93	78	78	94	94	78	78	94	79	94	172	125	78	78	94	110	188	109	62	109	94	94	94	78	78	78	125	93	78	93	78	283.07	0
188	125	156	969	203	62	297	157	171	813	172	172	140	250	141	641	171	266	250	594	172	375	93	313	156	750	297	156	125	266	391	203	297	250	875	109	266	171	250	391	266	187	94	94	94	78	78	94	79	78	78	79	94	94	78	78	78	78	62	79	78	78	109	93	172	141	94	63	94	94	203	125	62	78	78	78	62	46	109	93	110	94	94	93	78	287.791	0
203	578	188	531	219	47	218	297	657	406	172	187	750	219	141	906	156	203	125	672	156	407	109	172	515	688	359	203	141	375	641	218	141	141	703	140	313	172	281	172	187	266	94	78	63	78	63	78	93	94	78	78	94	109	78	78	78	78	62	78	63	63	63	94	171	125	94	63	94	78	204	109	94	109	94	94	78	78	79	78	94	78	62	79	63	312.512	0
297	313	359	328	250	63	406	578	891	500	250	203	703	703	422	469	500	312	313	562	203	516	500	437	282	672	546	141	141	437	531	235	234	235	859	156	328	235	593	204	234	187	125	94	62	63	94	110	93	62	78	78	62	78	78	94	94	78	62	62	63	78	94	94	141	125	94	78	93	94	203	125	94	94	94	94	78	62	94	94	93	63	78	78	94	381.907	0
188	656	469	500	593	47	656	235	234	735	250	187	266	265	469	1375	188	312	250	469	234	360	218	188	187	766	312	125	157	406	703	250	172	187	469	94	500	156	250	672	328	328	78	93	78	78	93	94	94	63	78	78	78	93	78	93	78	78	94	109	78	63	78	94	93	94	94	63	109	63	79	93	62	94	78	78	79	63	94	78	94	78	47	78	110	360.837	0
203	235	156	1109	219	47	219	187	188	1078	844	172	187	234	157	890	219	531	266	500	203	516	140	282	343	469	313	203	156	312	391	250	203	266	750	125	406	234	422	391	203	219	94	79	94	94	94	78	78	94	94	94	78	78	78	94	79	62	78	94	94	62	78	78	203	110	93	78	94	109	218	125	79	78	78	63	62	78	94	47	94	78	62	109	109	338.302	0
140	141	125	1266	125	62	359	219	203	860	234	172	219	218	157	797	187	219	203	766	218	485	187	406	157	953	390	172	188	219	703	203	140	125	829	187	453	125	266	609	156	204	78	110	78	47	62	93	109	94	63	78	78	78	94	93	79	78	93	109	78	62	62	78	234	125	110	78	109	110	235	78	93	109	78	94	79	78	63	94	94	78	94	79	78	328.488	0
281	141	156	859	219	47	516	93	157	1015	141	266	234	625	172	625	219	234	203	1250	172	406	94	359	172	938	547	171	94	235	843	172	141	250	578	109	328	172	625	500	188	234	94	94	78	78	94	78	94	78	79	78	94	94	93	78	94	78	94	93	78	78	78	94	172	141	110	63	93	78	141	94	78	94	94	94	78	78	110	94	94	78	94	94	94	345.93	0
297	297	578	344	406	63	218	188	625	390	282	281	141	421	172	563	250	219	656	656	141	281	203	359	157	687	313	140	94	250	469	219	156	125	1078	109	391	312	250	157	203	281	110	78	94	63	109	94	93	94	94	78	94	93	78	78	63	78	94	94	78	94	78	93	94	109	94	62	94	62	157	125	78	94	78	78	62	78	94	94	94	94	93	78	63	313.605	0
172	141	141	859	219	93	250	157	203	2500	234	453	110	922	171	719	297	188	515	531	141	656	78	313	500	531	344	109	110	234	500	172	125	125	1187	141	313	171	563	516	203	297	94	110	78	93	78	125	94	94	93	62	94	94	94	78	78	79	78	109	93	63	79	94	157	125	94	78	94	78	172	125	78	94	94	94	62	94	109	93	110	78	78	78	125	379.744	0
172	172	218	922	156	79	234	172	172	875	297	187	219	203	172	1109	375	313	218	1125	141	453	94	250	172	719	437	141	125	203	1390	172	188	140	1938	141	453	187	813	968	407	140	94	93	93	63	110	94	93	94	94	93	93	93	94	78	94	62	94	94	62	79	94	94	156	125	94	78	93	78	187	125	78	94	110	94	79	94	125	109	94	78	141	93	125	399.698	0
234	187	188	984	203	47	266	172	672	547	187	328	172	281	157	1031	125	250	265	1063	156	438	172	234	219	718	360	125	94	250	546	157	156	172	906	156	344	219	656	1359	266	156	78	94	79	94	78	94	110	94	109	93	93	78	125	109	78	78	78	109	78	79	78	94	93	125	78	78	94	94	187	140	62	94	93	78	62	78	125	125	78	94	141	109	94	356.093	0
172	125	203	579	140	63	453	187	188	844	265	172	172	234	172	1000	156	297	188	781	188	265	172	250	203	578	313	140	110	297	875	187	110	140	656	79	250	171	250	469	125	203	79	78	78	79	78	94	93	78	78	78	93	94	94	109	78	63	78	79	63	62	78	93	110	109	94	63	78	78	172	109	78	93	94	93	63	63	93	93	94	79	78	94	94	291.07	0
500	141	203	406	297	62	485	156	234	625	422	141	172	265	172	594	250	250	188	734	156	422	141	312	188	515	344	156	78	250	438	187	125	157	828	125	281	250	297	641	171	266	109	109	78	78	94	109	110	78	94	63	94	78	94	94	94	78	109	94	94	78	94	94	203	140	94	78	63	78	110	94	79	78	79	79	78	78	94	94	78	78	78	79	94	295.791	0
188	156	125	1156	172	32	234	156	188	1015	453	266	172	219	156	1141	203	250	172	1937	141	515	141	1281	281	766	375	156	32	312	1281	219	172	172	1031	141	281	172	359	750	235	250	94	94	78	78	79	63	78	78	78	62	94	94	94	94	62	62	62	109	109	78	78	93	219	141	125	79	78	63	110	156	78	94	78	94	78	78	93	78	94	78	94	93	78	407.721	0
188	156	156	781	329	62	406	219	328	360	265	656	282	218	391	984	219	328	235	453	140	422	94	281	547	360	468	172	110	406	359	203	157	218	1016	109	328	329	421	594	219	141	94	93	94	78	125	93	78	110	94	78	93	78	94	93	94	63	79	94	78	93	62	79	157	125	78	78	78	63	203	109	62	110	94	93	78	78	94	79	93	79	141	78	93	330.302	0
203	235	172	1046	188	62	172	203	641	516	422	187	172	266	390	563	156	187	188	719	156	359	110	281	625	422	344	140	94	219	687	188	125	140	2203	94	360	156	640	750	141	172	94	78	93	78	94	94	94	110	79	63	93	78	78	94	78	78	62	78	79	78	78	94	172	125	94	78	78	62	141	94	78	94	93	78	78	94	110	93	78	94	94	94	94	353.209	0
188	187	157	922	140	47	234	266	500	578	438	140	297	281	157	765	235	422	609	797	156	656	94	250	250	531	485	125	109	266	531	156	172	141	640	110	312	172	250	469	172	265	94	109	94	78	62	78	94	79	94	78	94	62	94	78	63	62	78	78	93	78	94	94	172	141	78	78	94	93	187	125	78	78	110	78	78	94	78	110	78	94	78	109	78	319.767	0
172	266	156	515	266	47	437	157	172	593	203	188	187	250	141	672	187	625	266	453	156	610	47	187	219	1031	360	125	78	187	547	172	125	141	687	141	1015	125	1203	250	204	406	109	125	78	94	110	94	109	63	62	62	94	79	78	79	63	78	47	125	63	47	78	79	125	140	110	62	94	93	156	109	63	94	78	78	62	78	93	94	78	79	79	78	62	326.302	0
218	141	172	641	234	47	312	141	156	953	110	156	109	313	156	1656	328	188	219	703	140	563	94	234	156	641	312	125	110	234	469	203	125	219	484	141	265	141	313	500	171	188	93	94	78	78	93	94	109	78	62	78	94	78	94	94	62	47	78	94	78	62	78	94	141	125	109	63	78	94	188	125	78	109	94	78	78	94	109	94	94	78	93	94	94	299.419	0
250	187	422	328	234	32	218	172	188	578	312	157	172	296	157	922	250	234	172	547	140	485	47	171	188	672	344	125	46	282	422	171	110	140	657	109	234	157	406	391	171	329	93	78	78	62	78	63	93	94	78	62	78	79	93	78	63	78	78	93	62	62	62	94	93	109	79	78	94	93	125	110	62	93	94	94	79	93	94	94	93	78	93	110	78	272.163	0
172	140	125	938	265	63	219	171	204	906	203	266	203	343	188	828	234	188	312	641	172	453	78	297	188	484	344	78	94	375	281	203	156	172	656	172	375	156	282	406	141	250	93	109	94	78	78	125	109	78	79	62	78	109	78	78	63	62	94	79	78	79	78	109	156	188	78	62	78	31	172	125	46	78	94	78	63	78	94	63	94	78	62	93	93	291.047	0
188	187	188	640	250	47	250	188	312	750	203	203	125	266	172	734	203	188	297	594	140	297	281	203	250	688	391	140	78	235	765	203	125	141	328	110	421	188	328	406	157	281	94	93	94	78	110	63	94	110	109	94	94	63	79	94	63	62	78	94	78	62	62	110	63	78	94	63	78	62	125	94	62	110	79	63	63	78	109	79	94	78	63	93	94	284.535	0
218	172	188	547	203	47	265	156	250	641	188	187	94	234	172	1109	235	265	219	485	171	313	234	235	203	703	297	140	94	266	344	156	172	172	890	141	281	219	375	750	219	234	78	94	63	78	78	93	93	94	94	63	94	93	94	109	78	78	79	78	63	78	62	79	78	78	78	62	78	78	157	125	62	62	94	62	78	78	78	78	94	62	78	62	78	292.14	0
187	172	469	422	219	31	187	203	391	594	297	250	187	313	562	672	266	265	266	766	140	406	63	266	187	859	454	156	62	266	625	156	141	172	1172	109	281	360	625	1015	266	281	94	110	63	62	109	62	94	94	79	63	94	109	78	94	78	63	94	93	78	78	78	94	157	156	109	78	110	78	140	141	78	78	110	78	78	78	94	94	78	93	125	78	109	346.279	0
281	141	219	172	375	78	218	188	437	422	360	156	125	266	156	640	157	297	140	797	141	328	94	250	203	750	765	110	93	172	563	172	156	172	984	110	312	234	344	906	219	406	78	94	78	78	109	109	78	94	78	79	94	93	94	94	78	78	79	78	78	63	63	78	156	140	125	78	62	78	172	125	78	78	93	94	78	78	140	125	94	78	141	78	79	306.698	0
188	156	219	609	172	47	203	172	453	578	157	218	125	360	187	578	203	188	172	734	156	344	78	266	172	625	328	172	94	234	719	218	157	172	640	235	296	204	359	344	218	250	94	109	94	78	94	63	94	110	94	47	94	93	78	78	62	63	78	79	78	62	63	94	141	157	109	109	94	78	156	125	62	109	110	93	62	78	93	94	78	94	125	110	79	280.907	0
172	156	157	625	328	47	203	203	250	672	234	375	188	187	156	672	157	234	203	813	140	344	78	234	250	500	297	188	78	250	312	188	172	172	703	125	390	204	343	500	188	297	47	78	110	78	93	94	109	94	78	78	78	94	63	78	63	63	78	62	62	47	78	94	156	156	94	63	79	94	172	156	62	79	94	78	62	109	94	94	62	78	94	94	93	280.884	0
219	141	187	406	203	63	250	203	297	656	235	187	141	297	281	484	188	281	266	609	187	422	110	312	313	672	328	203	94	390	500	203	172	281	625	188	312	219	735	296	204	359	125	109	93	63	125	79	78	125	94	94	94	93	94	125	93	78	78	93	109	62	109	94	203	172	141	93	93	93	156	140	94	125	110	78	79	110	78	110	94	78	125	78	78	297.605	0
172	234	500	235	218	32	234	187	438	719	375	172	125	296	188	625	141	265	235	578	172	343	125	282	265	438	375	172	62	313	359	172	172	203	469	109	297	203	266	390	156	282	94	109	94	78	109	63	93	94	94	62	109	93	93	109	94	94	94	93	94	78	78	78	188	157	109	63	78	78	187	156	78	78	94	78	78	78	109	78	94	78	63	94	93	271.791	0
203	140	203	875	125	79	296	125	813	656	172	219	140	235	172	734	188	203	203	609	203	375	110	250	484	391	437	156	110	359	344	203	125	156	328	110	328	203	234	172	203	282	93	78	78	63	79	94	93	94	94	62	94	94	94	94	78	78	78	93	78	47	94	94	157	156	78	63	93	110	188	156	94	94	78	78	63	63	94	94	94	79	78	79	93	280.14	0
282	171	235	453	187	47	516	156	188	718	141	172	156	266	422	515	235	234	219	453	172	344	109	391	296	500	407	187	110	250	734	203	156	297	953	219	359	344	656	735	234	250	94	62	79	78	94	94	110	94	94	78	79	78	78	94	94	47	78	93	94	94	94	78	171	141	93	47	79	93	188	140	78	94	94	94	78	94	94	94	94	79	94	94	94	320.14	0
203	250	328	297	235	46	375	157	437	422	281	157	609	328	531	469	250	766	234	766	125	406	94	390	172	344	344	140	110	312	313	343	188	250	406	156	344	156	422	610	172	359	78	94	78	78	94	78	79	94	125	78	94	78	93	125	94	63	109	125	93	78	62	93	172	156	94	94	78	78	188	125	78	93	79	78	94	78	94	94	110	94	93	93	94	311.419	0
218	172	203	579	187	31	297	156	266	594	156	219	187	219	203	750	172	203	250	641	234	375	78	250	219	422	344	156	125	219	328	187	219	203	781	157	297	218	328	454	171	297	93	94	94	63	78	78	110	125	94	125	78	78	94	125	78	78	94	125	110	78	94	78	156	157	110	78	78	93	172	125	47	94	110	109	63	94	109	125	78	79	109	125	94	275.791	0
187	125	141	531	172	47	281	172	235	1187	219	297	265	172	375	563	172	171	219	625	172	359	79	281	187	657	484	203	94	281	703	188	172	187	1125	125	281	141	469	593	204	234	94	94	79	94	78	78	94	94	78	78	78	78	78	94	78	47	78	78	79	63	94	78	125	140	94	47	93	94	188	140	78	94	109	93	78	78	78	63	78	78	125	109	94	313.233	0
203	172	188	515	188	47	234	188	297	484	234	219	203	281	188	859	172	328	203	891	172	312	94	360	250	500	312	125	78	328	375	203	157	234	563	140	297	172	281	328	125	422	94	110	78	78	79	94	109	110	93	62	94	110	109	110	79	78	94	94	63	63	94	94	157	141	93	62	93	78	172	141	94	110	94	109	78	93	94	125	94	110	63	94	63	278.721	0
187	141	297	234	172	15	454	109	172	547	156	156	110	187	141	922	140	203	157	875	140	406	79	234	172	547	375	156	62	266	453	188	125	187	578	94	297	266	359	547	219	156	93	94	93	78	94	62	94	78	94	78	78	78	78	62	63	78	78	110	78	62	46	78	141	140	78	78	78	62	125	125	63	94	93	93	63	63	94	109	93	62	125	78	109	264.884	0
156	172	219	281	375	125	344	219	281	484	266	250	234	297	235	297	265	281	391	641	265	375	297	360	484	1078	781	219	203	172	203	266	219	296	266	266	234	297	266	359	297	312	94	94	94	78	78	78	94	94	78	109	94	94	78	94	78	109	78	78	79	78	93	78	94	94	78	94	94	78	94	94	94	78	78	93	94	94	93	78	78	109	78	78	78	311.767	1
266	234	187	188	250	156	235	265	235	406	281	234	235	281	203	297	203	297	266	562	297	297	344	359	328	406	375	235	172	203	187	203	235	219	281	281	234	391	250	375	297	328	94	78	78	94	78	78	94	93	78	93	78	78	79	78	78	110	78	78	63	78	94	78	78	93	94	94	79	94	94	93	94	94	79	94	93	94	78	79	94	78	94	94	63	270.721	1
188	343	297	860	375	140	328	344	359	469	438	312	344	312	219	297	266	781	344	718	344	406	313	250	203	359	422	235	172	187	219	203	266	234	359	266	281	375	344	516	296	282	63	78	78	94	78	62	94	78	78	110	63	78	78	94	79	94	94	78	78	78	79	78	79	94	94	94	94	78	93	93	94	62	78	78	94	94	94	78	78	78	78	94	78	333.581	1
219	188	187	219	265	172	250	250	235	406	312	219	235	281	234	266	187	328	204	546	250	313	375	328	250	375	344	234	188	187	203	203	235	281	391	218	250	329	218	375	313	265	78	78	78	94	94	94	110	94	94	109	94	79	78	93	78	110	78	94	79	78	79	79	94	94	94	78	94	94	78	78	78	78	94	78	78	93	94	79	78	94	94	78	79	265.279	1
297	219	297	281	297	156	203	266	203	500	313	218	235	281	219	250	219	281	265	422	282	281	250	265	235	656	906	203	266	250	203	219	328	406	422	219	281	250	250	563	297	187	79	78	94	78	78	63	78	125	78	94	94	93	94	78	78	78	94	78	78	94	78	46	94	94	63	78	78	94	79	63	78	94	94	78	78	78	78	78	94	110	93	78	94	296.163	1
250	235	265	235	265	172	250	234	219	313	250	218	219	250	250	266	219	546	282	547	296	282	312	297	344	328	578	266	250	218	235	250	625	344	781	234	281	344	297	516	297	187	78	78	78	94	93	78	94	94	94	94	93	78	94	94	94	110	78	78	94	78	93	79	93	110	78	94	78	94	78	78	79	94	94	62	78	94	78	79	78	78	93	78	78	305.233	1
203	234	235	203	250	203	219	218	250	344	266	203	219	265	219	406	344	250	344	1312	406	297	235	328	281	453	563	265	250	250	250	235	281	203	500	297	281	360	421	641	344	312	78	78	78	78	93	93	94	93	94	94	94	93	78	93	78	109	63	78	78	62	94	63	78	78	94	63	78	78	94	78	78	78	78	78	94	78	78	78	78	79	94	78	78	319.023	1
282	265	297	281	375	313	266	359	281	469	359	328	235	312	282	281	281	391	437	625	250	360	625	343	453	516	547	297	219	250	296	329	218	297	469	344	312	438	343	625	344	250	79	78	78	78	79	63	78	78	78	110	94	94	94	62	78	109	78	94	78	78	110	78	78	93	94	94	94	94	94	93	93	79	93	94	78	94	93	94	78	79	110	78	94	347.395	1
250	328	219	359	531	203	297	360	328	500	375	312	297	313	234	250	266	312	406	1329	343	360	406	422	250	484	406	297	250	297	438	297	265	297	438	218	375	282	328	468	360	187	78	78	78	78	78	78	94	94	93	109	94	94	78	78	93	94	94	93	78	79	93	78	93	94	94	94	94	79	110	78	94	93	125	94	94	109	110	78	78	109	94	78	94	349.558	1
360	375	437	406	375	250	282	296	313	500	391	328	343	360	312	422	360	390	281	735	890	329	375	312	344	375	469	359	312	375	219	422	375	438	453	312	344	437	454	343	407	437	94	93	78	94	78	94	78	93	79	94	94	78	62	79	94	94	78	78	78	79	94	94	93	78	94	94	94	93	94	79	79	63	78	78	93	78	94	78	79	78	63	62	78	380.814	1
360	328	406	297	328	250	328	328	297	563	281	281	360	328	250	453	297	281	359	844	438	312	250	328	391	359	391	359	203	360	375	344	234	375	312	297	282	359	375	562	360	375	63	78	62	63	94	78	78	78	94	110	94	94	94	93	78	109	78	78	78	79	94	62	78	94	94	78	94	78	78	94	94	94	109	78	94	79	78	78	62	109	94	78	62	347.023	1
391	328	469	390	422	235	406	390	422	438	422	297	281	500	312	282	390	703	344	641	406	297	265	360	453	562	610	328	312	344	313	312	281	344	531	219	297	391	390	407	453	343	94	78	78	78	94	78	93	78	79	110	94	78	93	78	78	94	78	94	78	78	93	78	78	94	94	94	94	94	109	94	78	93	78	79	78	79	78	78	78	94	78	78	94	380.814	1
407	390	250	297	422	359	328	313	328	375	297	312	313	250	391	437	344	406	516	718	266	672	406	469	359	516	281	281	282	328	359	344	328	391	437	250	313	343	391	438	359	359	63	62	78	78	94	78	94	94	78	109	94	109	94	94	78	109	94	78	94	93	94	78	78	94	109	94	94	94	94	93	94	110	94	94	93	78	110	93	79	94	78	78	63	364.837	1
250	281	203	250	375	156	328	313	312	313	281	250	281	219	234	313	312	313	344	500	265	375	266	406	313	406	406	266	265	282	328	281	297	297	437	313	281	438	406	406	375	297	78	93	78	94	78	78	94	110	94	110	109	94	78	94	94	125	94	79	78	93	78	94	78	94	78	93	109	94	94	94	93	94	78	94	94	94	94	94	62	94	78	78	109	310.302	1
375	281	437	438	344	218	360	375	281	281	266	312	313	250	359	313	344	328	453	734	281	563	359	344	297	500	562	235	281	266	297	296	282	234	313	250	250	375	281	437	266	344	78	78	78	79	94	78	94	94	94	94	94	94	79	78	78	110	78	93	93	94	94	79	78	94	78	62	78	94	94	94	78	93	94	78	78	93	109	78	93	78	78	78	62	335.744	1
250	297	265	313	328	234	266	312	266	422	344	281	281	360	296	422	360	328	344	640	266	312	282	328	312	422	328	235	359	312	282	328	297	312	250	360	250	390	500	594	437	360	78	78	93	78	78	78	94	94	94	109	78	93	94	94	78	110	63	78	78	62	94	78	78	93	93	63	94	94	93	78	79	78	94	93	94	78	93	78	78	78	94	79	78	330.302	1
500	360	500	515	422	297	344	484	438	719	390	313	328	265	438	984	328	344	438	781	297	375	390	375	360	453	375	266	281	359	906	344	360	421	438	266	250	390	469	328	328	266	79	79	94	78	94	78	78	94	94	109	78	94	78	78	63	109	78	79	94	93	94	78	94	110	94	94	94	94	78	94	78	63	94	78	79	78	93	78	94	78	94	94	78	408.442	1
265	375	391	359	344	297	297	312	422	563	343	282	281	312	407	375	343	407	422	765	313	390	328	391	328	469	406	391	359	422	406	391	406	391	406	297	250	391	421	532	375	359	78	94	78	94	78	94	78	94	78	125	78	94	93	78	79	109	78	79	78	93	78	78	94	79	78	63	78	78	94	94	78	78	78	78	62	94	78	94	93	79	78	78	63	373.186	1
360	422	343	391	344	234	360	359	406	344	359	266	328	375	250	344	297	250	328	515	313	297	265	391	406	297	328	328	391	250	375	313	312	281	516	453	344	484	422	438	343	375	110	94	78	79	94	94	94	93	78	94	94	94	94	94	78	109	78	62	93	94	94	94	94	79	78	94	94	94	79	109	94	94	109	78	110	94	94	78	94	78	93	78	78	345.93	1
391	328	344	375	375	312	344	344	359	375	344	297	281	328	375	485	359	406	375	688	297	359	297	359	391	422	344	375	343	328	329	375	312	422	437	313	281	422	625	563	406	265	79	94	94	78	78	78	79	78	78	94	94	63	94	78	94	110	78	78	94	94	109	93	78	94	78	94	94	93	78	94	79	78	93	94	94	79	94	78	78	78	109	78	79	368.116	1
438	359	328	391	328	344	344	234	391	484	391	343	375	360	328	312	360	406	359	735	250	312	656	500	407	375	390	313	281	375	359	344	344	359	360	297	281	453	469	437	375	360	94	78	78	78	78	78	78	78	109	93	78	78	110	94	78	109	78	109	62	63	93	78	94	79	79	93	93	78	94	78	94	94	110	94	63	93	78	78	78	93	78	94	78	371.744	1
343	297	281	250	360	265	313	312	235	312	313	281	328	297	313	312	297	281	328	625	328	313	266	375	281	515	360	328	281	313	312	297	219	375	328	281	235	453	406	375	328	328	78	78	78	79	94	78	79	94	79	94	110	78	94	78	78	93	78	78	63	78	94	79	78	93	93	78	79	78	94	78	93	94	78	94	94	78	94	93	93	78	94	78	94	319.395	1
391	234	313	266	296	297	297	250	313	359	375	250	297	344	297	328	343	329	359	687	250	297	282	359	391	390	375	313	281	312	360	359	391	375	297	234	328	391	359	360	312	266	79	63	79	78	78	94	78	94	78	109	78	94	78	78	93	109	78	94	62	78	110	94	94	93	94	78	94	94	93	94	79	94	78	78	94	78	94	78	78	94	93	78	93	325.581	1
312	282	328	281	312	266	344	281	281	360	343	282	281	344	265	313	265	344	281	532	406	344	297	328	297	296	344	297	281	266	328	328	297	313	296	313	312	313	281	422	266	218	94	94	78	93	78	94	78	94	94	78	93	110	93	78	78	110	78	79	94	94	78	62	93	93	78	93	79	78	94	78	94	94	78	78	78	94	78	79	78	110	94	78	79	307.419	1
375	296	454	421	360	328	406	281	454	703	468	282	375	390	453	422	375	344	359	860	312	313	250	453	266	359	484	407	296	375	313	266	296	266	313	328	312	328	485	406	344	297	78	93	63	62	79	78	109	94	94	109	78	79	78	93	78	110	78	78	109	94	94	94	78	78	78	78	78	94	93	79	94	78	109	94	94	93	78	94	78	93	94	93	62	370.628	1
406	375	297	265	297	297	297	297	312	485	297	328	328	359	328	328	391	313	390	875	281	344	266	359	281	391	281	360	234	359	344	281	297	438	484	203	391	406	344	531	360	281	78	78	78	78	94	78	78	94	109	110	93	78	93	109	78	125	79	94	93	94	94	79	94	94	94	79	78	94	78	94	94	78	79	94	94	78	110	109	110	94	94	78	78	345.558	1
375	312	375	391	375	312	281	344	313	297	296	282	265	282	390	344	328	375	391	1281	391	296	313	359	235	437	391	297	297	265	360	265	328	282	265	266	265	375	297	469	453	344	78	78	94	78	78	93	78	94	78	125	93	79	93	78	78	110	78	78	78	78	94	78	94	94	94	93	94	94	93	93	78	78	78	78	109	110	109	79	63	78	94	94	78	347.372	1
453	297	359	359	297	375	282	343	297	641	312	313	328	359	313	406	469	359	360	625	218	360	375	375	375	406	328	359	297	438	359	313	312	438	359	344	297	359	328	500	391	281	78	94	78	94	79	94	94	109	94	94	78	94	94	94	110	109	78	94	78	62	78	78	93	93	93	93	94	78	94	94	78	94	93	94	93	109	109	109	78	110	94	94	63	358.651	1
469	485	312	359	344	328	297	360	359	375	422	328	281	375	328	610	343	391	391	578	234	328	375	391	375	500	391	343	328	344	313	359	344	344	265	266	328	328	344	359	344	281	79	78	78	78	79	94	110	94	93	109	94	78	94	94	78	78	78	94	78	62	94	78	94	94	94	62	94	78	63	79	94	93	109	94	93	110	109	109	109	109	94	78	94	356.116	1
375	391	328	297	406	266	328	281	360	328	312	344	359	328	375	344	313	328	453	734	219	328	297	281	313	344	281	359	250	328	438	265	266	328	266	250	297	390	360	547	281	203	78	94	62	94	94	78	94	109	78	93	109	94	94	94	94	110	78	78	94	78	110	78	94	109	94	78	93	94	78	78	94	78	79	78	78	94	109	78	78	78	78	94	78	330.674	1
234	375	266	313	312	266	281	312	375	422	375	235	297	296	329	296	313	359	469	750	313	296	282	375	312	344	312	297	282	281	297	359	344	359	406	297	313	375	344	375	437	313	94	110	79	78	109	94	93	109	94	110	94	94	109	109	94	109	79	78	94	94	94	93	110	78	93	94	78	79	94	62	62	93	78	78	78	79	78	78	94	78	93	78	78	331.767	1
375	422	391	312	360	281	281	407	406	359	313	297	343	391	328	391	375	375	437	610	265	391	344	343	516	406	328	391	344	312	406	297	344	422	406	313	406	297	375	484	438	297	79	94	78	94	110	109	94	110	78	94	78	93	93	110	94	109	93	109	93	94	93	78	94	93	125	109	78	78	109	93	94	94	94	78	94	110	125	109	109	125	94	78	93	364.465	1
391	437	360	406	328	313	312	313	390	391	359	375	297	453	360	390	328	219	406	735	281	344	297	390	328	891	563	218	422	344	250	312	375	282	281	297	328	219	359	359	329	281	110	78	79	94	78	110	93	110	93	110	94	110	110	110	94	125	94	79	78	94	78	63	94	93	110	79	94	78	78	78	94	78	94	63	78	94	78	94	93	94	63	93	62	357.558	1
281	359	297	531	297	281	266	359	266	359	297	344	297	297	328	344	281	266	296	719	203	344	328	406	391	344	312	328	313	328	328	297	297	328	313	281	281	281	282	562	297	219	93	94	63	78	94	110	110	109	94	109	94	94	94	109	94	109	78	94	78	79	78	94	94	110	94	94	94	110	94	94	94	94	109	94	94	93	78	94	94	109	109	94	93	323.744	1
438	312	328	438	312	297	266	328	359	375	297	266	312	297	485	437	453	406	500	704	359	406	406	454	359	531	375	375	360	296	625	360	344	546	407	437	328	313	328	719	328	375	78	93	78	78	78	94	94	125	94	110	78	110	94	110	94	109	94	78	79	94	109	94	78	110	93	94	94	110	110	93	79	94	62	78	94	109	78	110	94	109	93	78	94	389.186	1
422	516	328	328	390	297	328	407	484	344	328	375	297	297	312	516	359	391	406	1234	297	313	297	312	453	407	484	312	313	250	344	250	343	313	500	328	375	266	390	407	328	250	141	125	93	78	125	94	110	110	93	94	78	94	78	62	78	94	94	94	78	63	94	94	94	93	78	110	93	78	110	94	62	78	109	79	94	94	78	94	78	110	93	78	125	372.465	1
375	344	328	531	328	266	375	297	375	484	391	281	375	422	359	578	406	360	484	750	360	375	343	375	375	578	516	406	297	375	328	360	312	360	500	343	469	297	516	468	344	453	78	62	78	78	94	94	78	93	78	125	94	78	109	78	93	125	78	79	78	94	110	78	93	110	110	94	79	94	110	78	78	94	125	78	93	93	78	109	94	93	94	78	63	393.535	1
437	360	437	485	390	360	281	422	359	438	359	375	406	360	390	438	359	484	516	766	265	391	500	516	421	641	391	390	313	531	500	391	359	469	437	453	422	375	563	859	375	235	94	78	78	94	93	94	78	94	78	109	109	78	78	94	93	125	78	94	94	78	109	78	109	94	93	94	78	93	110	94	94	94	93	78	94	94	94	94	78	109	110	78	93	425.86	1
469	421	438	672	344	328	359	375	313	562	359	391	359	454	359	625	344	328	359	1078	282	375	406	422	468	516	406	344	359	407	453	344	421	360	640	360	500	265	469	813	359	359	109	93	110	78	94	78	93	109	94	93	78	94	94	94	78	109	78	78	78	63	110	93	109	109	93	94	109	94	94	94	78	94	93	63	94	79	109	109	79	125	93	94	94	426.953	1
406	391	422	468	375	313	297	390	297	328	329	390	344	375	266	421	360	359	422	859	282	375	297	406	390	391	563	375	265	391	359	328	375	344	359	422	313	344	468	500	344	313	94	110	78	93	94	94	109	109	79	125	94	93	110	78	62	109	79	94	94	94	110	93	93	109	94	94	94	78	78	94	94	94	78	94	78	94	94	94	93	110	94	78	93	374.628	1
485	469	343	407	359	297	375	469	375	656	422	359	406	547	453	469	438	484	391	843	235	437	422	359	407	531	375	375	297	437	469	391	328	406	453	281	422	344	469	562	407	375	79	78	78	78	93	62	78	94	78	109	94	93	78	110	78	125	78	93	109	93	94	78	78	109	110	78	94	109	94	109	78	109	93	94	109	110	125	94	94	109	94	78	78	416.442	1
422	359	406	407	468	391	391	359	453	609	391	344	312	344	406	422	391	297	422	671	438	375	281	500	391	453	328	422	344	281	344	265	328	360	312	344	344	390	375	672	360	328	94	93	78	63	78	94	94	109	78	109	94	94	78	94	109	110	78	94	78	78	79	31	94	110	110	109	109	109	78	78	94	93	110	79	94	94	94	94	94	110	94	78	78	385.535	1
375	282	390	375	391	265	266	375	422	375	359	282	250	375	296	313	312	344	375	594	266	421	329	453	328	469	281	359	297	313	359	359	297	422	297	297	359	281	250	563	250	219	78	94	93	78	78	78	110	141	78	125	94	94	109	109	109	125	94	94	78	94	109	109	110	93	93	109	93	94	94	94	78	94	94	78	94	94	109	94	94	94	94	78	125	339.767	1
360	265	297	360	281	281	297	375	297	437	375	344	266	359	313	359	406	266	328	641	234	375	281	375	297	391	390	328	250	329	296	375	266	359	391	391	328	453	297	328	406	328	78	93	78	94	93	109	94	109	78	140	94	94	94	93	94	125	94	110	94	78	93	94	109	125	78	125	78	94	79	94	93	94	94	78	94	94	93	94	62	125	94	78	94	336.488	1
391	328	375	438	359	328	344	359	453	375	407	437	453	406	407	406	406	406	438	625	375	359	391	391	375	515	344	406	375	391	390	329	328	406	484	360	343	360	359	438	328	344	94	109	94	94	109	94	109	94	94	110	94	93	78	78	94	109	78	110	63	78	94	78	94	125	93	109	110	109	94	125	78	125	93	93	94	110	78	79	78	110	109	94	109	387	1
359	375	297	422	594	297	359	344	312	469	422	422	312	344	406	422	391	531	375	953	266	343	297	375	360	453	312	360	265	328	454	328	359	344	375	437	422	375	328	485	343	360	78	110	78	94	78	125	109	109	78	110	94	78	93	94	94	94	109	93	78	109	125	78	94	94	78	93	94	78	93	94	94	109	109	78	78	78	94	110	78	110	109	79	78	382.628	1
500	313	421	360	437	453	375	438	359	407	359	328	406	297	328	407	468	422	360	828	312	375	328	407	390	360	328	312	313	312	344	281	313	359	328	328	438	312	453	438	375	328	94	109	78	94	94	78	94	110	109	110	78	94	94	78	94	125	93	78	78	109	93	94	94	110	93	78	93	109	94	93	94	125	110	93	78	94	63	94	110	110	94	94	109	374.628	1
344	343	344	344	328	313	312	328	360	328	281	297	328	234	375	328	297	328	422	844	250	313	296	329	328	562	313	531	344	390	313	297	328	344	375	296	329	250	343	360	265	172	78	78	79	78	109	78	93	109	110	93	93	94	94	94	94	125	79	110	79	63	78	94	93	94	78	109	94	93	94	93	78	109	93	62	93	109	110	78	93	125	93	78	78	336.837	1
313	343	360	500	344	359	297	297	312	344	312	454	218	297	281	407	468	235	406	719	250	312	250	344	375	484	375	422	250	391	328	281	360	234	375	313	359	297	328	328	266	390	94	93	94	62	94	109	78	94	78	94	78	94	78	94	78	110	93	79	94	94	94	47	110	110	94	94	94	94	94	94	78	78	94	78	109	94	78	94	78	109	94	78	63	340.488	1
328	312	344	453	344	234	344	375	297	469	281	281	313	312	406	375	282	375	312	703	219	344	312	407	265	391	422	328	344	296	407	265	375	266	328	234	329	312	359	500	313	234	78	78	94	78	78	94	110	109	94	94	93	94	94	93	94	110	94	78	78	94	94	78	94	110	78	110	109	125	94	93	63	78	78	78	78	78	94	93	94	110	110	78	94	336.837	1
156	94	109	437	125	94	203	125	141	797	125	359	203	203	110	1047	109	156	157	859	156	188	609	125	141	812	360	109	94	109	531	157	78	93	985	94	187	219	109	563	109	156	93	94	109	78	94	63	94	125	63	78	62	109	63	125	94	109	109	63	125	93	94	94	62	63	141	78	78	62	109	93	78	110	93	109	63	78	93	125	94	110	93	78	78	271.419	2
141	63	109	375	219	93	719	125	125	766	109	250	125	281	125	625	172	94	94	812	125	188	500	140	125	1094	375	94	78	94	515	141	47	62	329	109	422	297	156	812	125	188	79	78	109	94	141	62	79	94	63	78	78	125	78	94	110	125	125	78	125	78	78	78	78	78	110	94	78	78	94	94	94	79	78	109	94	62	125	125	93	94	110	79	62	267.442	2
140	63	78	312	141	125	125	156	125	672	141	234	94	187	110	578	172	93	94	750	125	156	204	156	125	562	282	140	78	110	515	157	46	79	359	141	203	250	109	469	140	235	78	78	109	78	110	62	62	109	78	94	63	109	63	109	78	93	125	78	125	78	78	78	94	78	109	62	78	78	94	78	78	78	78	110	93	62	93	125	78	109	94	125	62	211.465	2
141	62	78	188	187	125	188	140	141	563	140	219	94	156	125	781	141	94	93	969	125	531	500	78	110	547	359	125	109	125	454	156	62	63	469	125	203	297	109	812	94	219	78	78	110	94	140	78	63	125	79	63	62	125	62	109	94	78	110	78	125	78	63	78	47	78	110	78	78	78	109	94	94	78	62	94	78	62	78	93	93	94	110	78	62	240.907	2
141	31	94	344	109	110	156	172	125	1156	266	171	110	172	125	640	141	125	109	844	125	188	218	485	125	484	297	125	94	93	204	171	94	47	781	125	157	265	94	703	125	172	79	78	94	78	109	63	78	125	78	93	62	109	79	125	78	78	125	94	109	63	78	78	78	78	125	62	78	78	109	78	94	93	79	94	94	63	78	140	110	94	94	63	62	241.279	2
172	125	15	766	109	125	141	156	141	609	110	281	109	172	125	906	188	203	125	578	94	203	172	109	297	469	281	109	110	109	485	171	125	79	390	266	187	235	1390	313	156	234	109	78	93	94	109	63	63	125	78	78	63	109	62	94	63	94	94	62	94	78	63	94	62	62	110	63	78	78	110	109	94	93	79	94	78	78	94	125	78	78	125	78	79	260.907	2
157	78	125	390	110	125	125	94	218	719	141	218	94	156	141	766	140	94	63	1421	141	422	250	125	141	500	265	141	62	141	672	156	16	125	375	125	234	109	110	515	125	188	94	78	94	78	94	78	78	94	78	94	63	109	47	125	94	94	109	63	125	93	79	78	78	62	109	78	62	78	125	94	94	78	63	109	78	47	109	156	110	94	110	79	78	241.651	2
156	63	78	625	63	125	125	109	141	937	313	156	94	1015	125	797	141	109	94	812	125	235	312	141	125	1047	297	140	78	125	453	157	47	93	344	141	218	344	110	531	109	188	78	79	109	78	94	78	62	125	78	78	63	93	31	109	94	125	109	62	109	62	78	78	62	63	109	62	78	78	110	94	78	94	93	109	78	63	109	141	94	78	109	78	78	267.814	2
157	47	109	375	109	110	93	141	297	828	250	141	140	141	109	657	125	296	141	766	109	172	500	141	125	1359	1109	125	110	172	562	156	47	94	859	78	922	110	125	562	110	265	94	78	109	78	109	78	78	125	63	78	94	109	62	125	78	94	93	62	125	47	62	78	78	94	109	78	62	47	94	78	46	78	63	125	78	63	141	110	109	93	78	62	125	301.605	2
156	47	140	391	63	125	93	125	141	516	140	188	125	140	110	1172	125	921	141	1203	141	375	219	171	125	329	343	125	94	109	313	312	110	203	422	312	219	297	125	578	141	218	93	78	109	79	94	78	78	125	63	78	62	125	78	93	110	109	93	62	94	63	78	62	62	78	94	79	62	63	110	94	94	78	79	109	94	62	94	109	94	94	109	78	79	265.628	2
157	93	79	187	172	109	94	125	188	890	141	187	141	187	125	688	156	110	93	766	109	157	203	140	110	343	547	110	109	141	328	156	78	31	579	140	203	219	109	360	140	219	79	78	110	62	141	62	63	125	78	78	78	109	78	141	79	79	109	63	93	78	62	78	78	78	110	78	63	78	93	109	93	94	78	78	94	78	125	94	94	110	94	94	78	216.209	2
157	62	78	531	125	110	125	156	156	703	125	157	125	172	109	687	157	93	125	704	109	172	203	125	156	406	313	125	62	125	500	157	31	78	297	94	547	234	94	468	110	234	78	78	109	94	125	63	78	109	63	63	63	125	62	140	78	94	110	62	125	79	62	78	78	47	109	78	79	78	125	110	94	79	62	109	94	78	125	171	94	156	94	94	78	218.023	2
141	78	125	78	328	110	140	94	125	781	282	156	94	140	94	1469	156	1062	125	922	157	281	297	156	125	1781	485	125	93	125	907	156	94	62	1078	125	203	610	109	484	94	188	94	78	94	78	110	63	78	94	78	94	63	125	78	125	78	109	78	62	79	94	78	62	47	62	125	78	78	78	93	94	110	93	94	93	78	63	94	125	78	94	94	78	78	332.86	2
157	93	110	406	125	109	157	109	156	875	172	188	484	125	94	1125	140	110	125	937	156	172	969	125	125	828	641	109	125	469	562	172	110	78	531	109	219	188	93	688	297	250	110	93	110	78	141	78	78	125	94	94	63	109	62	109	78	93	93	47	109	62	78	79	63	78	109	78	63	78	110	94	94	94	78	78	78	78	141	172	93	141	125	62	62	299.419	2
156	94	93	407	546	125	1344	563	218	938	344	172	93	141	125	750	172	109	94	781	110	187	453	141	78	625	328	125	94	109	328	141	62	47	328	79	328	281	109	391	156	188	93	94	109	47	125	79	79	110	93	79	62	109	78	110	125	141	125	78	141	78	63	78	78	94	109	94	78	78	94	94	94	94	78	110	94	63	125	140	78	110	109	78	78	279.791	2
156	79	78	953	156	188	343	110	140	641	156	188	93	235	140	907	140	94	109	1016	109	188	375	125	109	313	453	109	78	125	954	140	63	78	469	78	218	297	110	531	219	218	110	94	109	78	109	78	78	94	93	94	62	110	62	125	140	141	93	78	109	63	63	79	62	78	109	78	62	62	94	141	110	78	78	93	78	46	109	172	125	125	109	62	63	263.814	2
141	250	109	984	188	109	219	125	141	953	109	203	156	141	125	1000	109	157	93	1016	141	203	469	93	110	359	297	125	94	78	1125	156	109	79	609	125	172	250	94	468	110	172	94	93	125	62	94	78	78	109	78	93	62	125	78	110	94	109	109	79	140	79	63	93	62	62	110	93	78	78	109	78	125	94	63	94	93	62	78	156	94	125	110	78	93	275.791	2
172	0	125	766	109	141	156	125	125	859	141	234	110	156	109	938	156	125	78	1047	141	156	234	110	125	593	266	78	94	109	391	156	78	47	359	141	203	297	109	469	156	204	94	62	125	94	62	78	78	94	78	94	78	125	63	109	78	110	109	62	109	78	78	78	78	78	125	78	63	94	109	109	110	78	63	94	78	63	94	156	125	110	110	63	62	238.372	2
156	78	94	625	109	109	110	734	156	688	109	563	250	125	47	1031	172	94	109	1031	125	203	266	125	109	657	281	94	93	125	657	187	94	62	547	438	203	265	94	391	140	219	93	78	109	93	109	63	79	125	94	94	62	141	78	94	62	140	109	62	109	62	78	94	78	62	109	63	62	78	125	110	110	125	94	125	94	78	109	125	141	125	78	63	78	275.419	2
172	31	110	234	110	109	109	125	125	766	125	422	250	172	78	906	156	141	94	562	172	266	265	78	125	516	719	94	187	109	782	156	78	47	391	109	219	515	110	375	109	250	94	78	110	78	125	62	78	110	63	78	62	125	78	125	62	109	125	63	125	78	110	78	62	63	141	79	47	62	109	78	125	78	62	78	94	62	125	125	110	78	93	78	94	245.651	2
156	47	203	281	203	125	125	157	187	1313	203	234	188	78	94	875	328	109	109	829	171	172	235	109	125	500	328	94	94	109	422	156	94	47	594	125	171	250	79	421	125	235	94	94	109	94	110	63	79	110	78	110	78	109	78	109	78	125	125	78	141	79	93	79	63	62	156	63	78	78	78	109	156	94	94	94	94	62	78	188	79	109	110	63	62	245.628	2
156	63	78	187	156	110	156	78	172	672	141	234	141	140	125	922	156	125	110	1359	125	172	219	125	109	453	281	110	78	94	250	187	78	63	672	125	203	250	94	500	203	203	78	63	93	93	141	63	94	109	141	94	78	125	78	125	94	110	109	78	141	62	63	78	78	93	125	78	63	94	109	109	109	109	94	110	78	62	93	140	125	140	109	62	78	231.465	2
203	15	78	313	141	125	109	109	125	594	141	203	156	156	141	875	203	141	187	844	125	156	235	109	141	609	297	78	94	93	329	140	94	31	500	94	266	515	110	812	203	297	93	93	110	110	125	78	78	125	125	110	63	125	94	109	78	109	125	63	140	94	78	62	94	93	141	78	78	62	94	109	157	78	78	94	94	63	109	109	125	125	109	78	78	238.721	2
156	16	125	421	172	110	156	1234	235	797	109	219	109	172	125	969	172	93	125	797	110	156	219	125	156	359	344	109	94	94	250	156	78	47	344	78	250	906	125	781	141	250	93	78	109	78	110	63	78	78	78	93	78	141	62	141	141	172	109	62	125	78	63	93	94	78	140	62	78	78	110	109	125	94	78	125	125	62	109	156	94	125	110	78	78	268.884	2
157	78	78	328	141	125	109	109	141	578	110	328	172	750	125	515	188	109	109	688	125	156	188	109	109	407	312	94	78	109	610	156	47	78	484	110	219	265	78	313	219	437	110	93	109	78	125	78	78	109	141	94	63	140	62	46	78	109	125	78	109	94	78	78	78	78	109	63	62	78	109	125	141	94	78	109	94	63	109	109	94	125	109	78	78	226.023	2
157	46	110	187	157	125	140	125	156	704	140	250	94	203	125	609	172	94	125	906	125	188	250	109	141	531	266	125	62	125	828	172	125	31	547	110	281	406	110	375	156	219	94	78	110	78	157	78	78	110	94	110	78	125	63	125	125	141	125	78	172	94	63	94	62	62	141	94	63	93	125	94	110	110	94	110	94	78	109	187	110	109	125	78	78	232.209	2
157	0	171	1125	125	125	454	156	140	579	171	282	140	157	93	860	172	125	109	1109	110	172	218	94	172	812	297	78	110	94	734	172	47	109	547	78	219	234	94	484	157	203	94	93	109	79	94	79	79	109	94	79	78	125	93	125	93	141	109	62	125	78	63	93	78	78	156	78	79	78	110	140	125	94	62	109	78	62	94	140	110	125	125	93	93	269.256	2
157	31	156	156	172	94	141	93	110	890	266	188	93	157	109	750	187	125	94	500	125	156	204	140	78	625	313	109	94	109	188	156	78	63	359	63	281	312	78	407	140	203	94	93	125	94	141	47	94	109	79	109	63	125	62	110	78	125	125	79	110	94	78	78	94	78	110	94	63	78	78	78	110	94	78	110	93	63	140	156	110	125	109	78	94	205.674	2
172	63	234	141	375	140	125	735	125	843	235	172	109	203	125	672	500	391	203	718	110	172	203	109	125	938	297	93	94	109	1141	172	47	109	1781	157	359	406	94	703	156	219	94	156	109	109	140	78	78	141	78	109	78	125	62	125	141	172	125	62	125	78	63	94	109	109	125	94	62	78	110	109	94	94	62	125	78	63	109	172	94	109	94	79	78	324.488	2
141	125	62	547	125	109	110	125	140	813	156	172	125	156	94	641	234	94	125	640	125	172	188	109	125	422	312	94	78	110	234	156	110	47	484	156	203	219	78	422	141	203	78	78	109	78	109	62	78	125	93	78	62	109	78	109	78	109	109	78	125	78	78	78	78	78	141	78	78	63	94	110	125	94	78	93	93	62	110	125	94	125	109	78	109	210.023	2
141	63	93	938	156	156	172	625	141	859	125	219	62	204	109	844	125	172	125	734	109	172	203	157	125	578	297	140	94	94	781	156	94	62	360	94	734	125	125	484	203	250	79	78	109	94	109	94	110	94	78	94	47	110	62	157	93	125	125	78	140	109	62	78	47	94	140	78	62	109	110	125	109	94	78	109	79	62	140	109	78	78	110	79	79	269.279	2
156	109	125	954	484	141	140	141	187	782	93	313	156	156	125	688	140	141	78	688	140	188	219	187	125	656	547	110	93	125	860	172	93	47	391	94	265	485	1125	515	250	375	94	78	110	79	109	78	78	125	156	141	62	125	62	109	94	110	109	79	141	94	62	94	94	109	125	78	63	78	109	141	125	93	78	125	78	62	140	172	78	203	141	94	94	301.233	2
140	79	78	187	172	109	110	94	109	1078	750	188	140	110	93	1563	156	313	296	907	109	172	187	94	141	828	297	94	93	110	765	141	78	47	1859	266	172	187	63	359	141	375	94	79	109	93	125	63	79	125	62	78	63	125	62	125	78	125	94	63	78	79	62	94	94	79	125	78	62	94	109	78	93	78	78	109	78	63	94	172	94	94	110	109	62	309.581	2
156	31	125	110	187	110	109	94	94	687	94	203	125	156	94	1016	156	94	93	578	94	141	156	78	156	610	390	79	46	110	656	141	47	62	750	109	157	218	79	500	109	203	94	63	110	63	125	78	78	109	78	125	63	125	78	125	78	109	93	62	140	78	63	78	78	78	141	94	62	79	93	110	94	78	78	109	94	78	79	125	94	93	78	62	78	215.837	2
171	110	109	328	172	110	62	109	125	1157	125	484	94	140	94	750	172	94	109	688	109	203	281	141	250	1047	406	141	47	109	906	141	94	47	359	94	359	234	63	453	109	266	109	79	109	78	110	63	62	125	79	94	62	125	63	109	79	110	125	78	125	94	62	94	63	79	125	78	62	63	78	93	78	94	94	109	93	78	125	156	79	109	94	79	78	259.07	2
125	94	31	250	110	109	94	94	93	579	78	172	109	125	94	765	157	93	94	766	125	140	172	94	94	437	281	94	63	93	704	156	62	47	719	94	187	188	93	891	141	281	79	79	110	94	110	62	78	109	93	110	62	125	62	94	78	109	110	62	125	78	62	78	94	78	125	78	63	79	94	93	110	93	78	78	78	62	93	141	93	94	109	93	78	215.488	2
187	94	94	969	125	109	156	110	109	563	140	235	125	171	94	1141	109	141	219	828	109	156	141	125	109	500	282	109	78	94	953	156	94	47	640	141	172	219	78	390	157	234	109	63	110	78	125	78	78	110	62	94	78	110	78	125	79	110	94	78	109	93	47	78	78	94	125	94	78	78	109	109	140	94	78	109	78	79	94	125	109	125	110	93	78	250.721	2
156	47	141	140	141	109	125	94	110	468	94	172	125	109	94	953	172	94	156	641	109	141	156	78	141	1109	281	94	63	93	235	156	62	47	782	93	172	219	78	609	235	281	94	78	110	94	125	63	79	94	63	93	63	109	62	94	78	109	125	78	156	109	62	63	78	109	125	78	78	78	109	109	125	93	62	110	94	62	94	125	125	156	110	62	78	219.837	2
141	109	328	328	172	125	94	109	141	672	109	125	157	78	140	625	157	125	109	812	125	219	188	187	313	672	328	109	78	94	1000	141	93	63	922	125	437	110	93	313	156	219	94	78	94	94	125	78	78	125	63	94	78	94	78	62	78	78	110	78	125	94	94	94	78	62	125	78	78	93	94	125	125	94	78	110	94	78	109	110	109	110	109	78	78	249.279	2
172	297	109	313	172	125	93	110	78	562	94	172	125	172	47	578	172	109	125	563	156	203	438	125	93	563	297	93	94	94	500	156	78	94	344	109	500	328	78	375	157	218	110	78	109	78	109	78	62	125	78	109	79	125	63	141	78	125	141	78	141	94	93	94	78	78	125	94	62	78	94	125	125	109	94	125	94	62	156	110	110	110	125	78	79	217.674	2
156	32	93	250	141	125	94	94	93	625	94	141	109	156	63	640	157	93	110	625	94	171	172	125	94	516	265	125	94	78	235	265	94	78	422	219	218	266	94	344	171	235	110	94	109	79	125	78	63	125	62	110	63	125	78	141	78	109	110	62	125	94	47	93	79	94	125	94	62	78	110	109	125	171	78	94	78	78	109	125	94	109	109	94	78	194.047	2
172	16	125	422	140	110	109	125	110	625	140	235	203	109	63	687	141	140	94	656	110	156	187	94	110	468	282	78	78	109	297	172	94	47	484	344	312	219	47	344	171	204	110	94	109	78	125	63	78	125	78	93	78	125	78	125	78	140	141	78	141	78	63	78	94	79	125	78	78	78	109	94	110	109	78	93	78	78	109	110	78	125	109	79	78	207.14	2
156	16	125	141	140	110	93	78	110	640	125	125	125	110	62	672	172	109	94	547	141	172	187	125	94	437	266	125	62	110	250	719	109	16	531	140	188	187	63	312	172	203	109	78	109	78	125	63	78	110	79	94	79	110	63	125	78	110	141	63	125	94	78	78	62	78	125	62	63	78	109	94	125	62	78	94	93	62	110	125	79	109	125	78	79	196.233	2
141	62	79	187	125	125	94	94	109	516	109	125	109	141	62	594	156	110	94	468	125	157	187	78	110	562	281	78	141	156	891	156	63	62	406	125	235	250	94	406	94	203	94	78	110	78	125	63	63	109	78	94	78	109	62	110	62	110	125	79	109	93	78	78	93	63	110	78	78	47	125	109	125	94	78	109	78	79	125	125	109	109	94	78	93	196.581	2
172	15	110	234	188	140	172	156	141	594	125	109	110	93	78	563	141	109	125	781	125	188	265	78	375	563	234	94	94	78	500	125	47	47	547	93	188	265	94	610	109	203	78	47	94	78	110	93	110	110	63	94	62	78	47	109	63	94	109	78	109	78	63	78	93	63	125	63	62	78	78	78	94	62	78	94	93	78	78	109	94	110	93	109	63	212.581	2
125	94	188	640	94	125	109	94	110	515	110	109	125	141	62	531	157	109	94	640	94	156	188	94	140	360	281	109	78	94	938	156	78	62	297	94	234	219	94	422	94	218	79	79	110	78	94	78	78	125	63	78	63	93	62	94	62	94	110	78	125	78	63	78	94	62	125	94	78	78	94	94	94	93	94	94	94	63	125	125	94	94	109	93	78	203.488	2
157	0	109	250	141	109	62	125	141	656	110	125	109	78	94	1312	125	125	79	625	109	141	156	94	93	391	250	78	94	94	187	172	62	63	375	109	266	672	140	250	188	219	94	62	93	78	125	62	78	110	79	125	78	109	62	109	78	94	94	63	125	78	62	78	93	78	109	78	62	78	109	94	109	94	47	110	78	62	125	125	94	94	110	78	78	204.953	2
141	31	47	235	140	125	94	78	141	703	62	141	125	109	63	500	187	94	94	625	125	359	203	125	141	484	266	47	125	62	235	156	78	63	343	63	1094	125	78	562	125	235	79	63	110	78	109	63	47	94	78	93	62	125	78	125	63	109	140	63	125	94	94	78	78	78	125	78	63	78	125	94	141	93	62	125	78	63	94	93	78	109	94	78	78	207.14	2
140	63	78	172	156	125	141	94	93	516	109	141	109	125	94	500	172	78	125	953	110	187	172	109	94	453	281	94	94	78	625	156	0	110	234	94	750	219	15	391	140	204	109	79	109	78	125	78	78	109	46	110	62	110	78	110	78	109	109	62	141	78	78	93	78	78	125	78	78	79	110	94	125	94	78	141	140	78	109	125	46	156	109	47	78	201.674	2
156	0	125	265	141	125	78	110	78	531	141	125	125	109	94	531	141	109	125	516	125	156	172	93	94	422	266	93	110	94	453	156	31	78	203	63	656	297	78	375	141	219	93	62	125	94	125	78	63	125	62	109	78	109	62	125	109	109	109	78	125	78	78	93	78	78	125	78	63	78	94	78	93	109	78	125	78	63	141	141	94	110	94	78	78	187.86	2
