bnbn=584.68	bnbn=1056.18	
matrsred=	89.4667	77	70.9333	335.333	132.333	127.267	143.533	133.467	112.467	317.667	162.6	127.067	105.067	134.533	150.933	318.667	103.2	85.4	137.533	343.8	119.867	162.4	107.333	83.3333	75	229.2	112.4	145.867	71.8667	86.4667	191.667	96.8	80.4	65.5333	653	166.667	188.6	125	128	360.6	127.067	191.6	81.2	81.2667	92.8	72.8667	97	64.6	81.1333	90.6	83.3333	72.9333	70.8667	87.4	89.4	79.3333	81.2	66.6667	73.0667	81.2667	97.8667	72.8667	62.3333	73.8667	80.1333	95.8667	91.6667	74.9333	88.4	85.3333	111.4	107.333	77.0667	78.1333	86.5333	94.6667	77.0667	85.4	90.6667	102.133	76.1333	69.9333	78.1333	77	76	159.371	
156.2	64.6	85.3333	829.333	134.267	129.2	186.4	204.333	167.6	866.667	205.333	282.2	213.467	198	147.867	923.067	210.333	120.8	117.8	1009.4	127	189.467	410.4	110.667	153	537.533	538.667	109.2	104.267	120.8	456.2	155.2	93.7333	81.3333	559.2	104.2	440.733	255.2	107.333	781.133	137.467	191.8	97	81.4	95.9333	82.4667	110.4	75	76.0667	112.533	78.0667	83.2667	72	106.267	69.7333	104.267	82.2	94.8	104	68.7333	103.133	74.9333	69.7333	84.4667	66.9333	76.2667	114.667	82.3333	71.8	82.2	95.8667	105.133	99.8	88.5333	73.9333	95.8	80.1333	61.6	104.2	122.867	95.8	103	100.067	72	88.5333	281.518	

zna=	187	234	297	594	516	109	266	718	297	610	218	454	328	703	281	531	438	328	391	1359	281	250	375	391	672	359	484	266	141	343	407	172	265	281	547	407	156	609	328	469	422	297	78	78	79	63	78	62	94	62	63	63	62	79	78	62	78	78	63	78	62	46	78	78	63	78	78	62	78	79	63	78	63	78	78	78	63	63	78	62	78	63	78	62	62	391.698	
  xrxr[i]= 1047   xrxr[i]= 575.498 otv=1631.68
min=575.498  m=1
--------------------------------------
bnbn=584.68	bnbn=1056.18	
matrsred=	89.4667	77	70.9333	335.333	132.333	127.267	143.533	133.467	112.467	317.667	162.6	127.067	105.067	134.533	150.933	318.667	103.2	85.4	137.533	343.8	119.867	162.4	107.333	83.3333	75	229.2	112.4	145.867	71.8667	86.4667	191.667	96.8	80.4	65.5333	653	166.667	188.6	125	128	360.6	127.067	191.6	81.2	81.2667	92.8	72.8667	97	64.6	81.1333	90.6	83.3333	72.9333	70.8667	87.4	89.4	79.3333	81.2	66.6667	73.0667	81.2667	97.8667	72.8667	62.3333	73.8667	80.1333	95.8667	91.6667	74.9333	88.4	85.3333	111.4	107.333	77.0667	78.1333	86.5333	94.6667	77.0667	85.4	90.6667	102.133	76.1333	69.9333	78.1333	77	76	159.371	
156.2	64.6	85.3333	829.333	134.267	129.2	186.4	204.333	167.6	866.667	205.333	282.2	213.467	198	147.867	923.067	210.333	120.8	117.8	1009.4	127	189.467	410.4	110.667	153	537.533	538.667	109.2	104.267	120.8	456.2	155.2	93.7333	81.3333	559.2	104.2	440.733	255.2	107.333	781.133	137.467	191.8	97	81.4	95.9333	82.4667	110.4	75	76.0667	112.533	78.0667	83.2667	72	106.267	69.7333	104.267	82.2	94.8	104	68.7333	103.133	74.9333	69.7333	84.4667	66.9333	76.2667	114.667	82.3333	71.8	82.2	95.8667	105.133	99.8	88.5333	73.9333	95.8	80.1333	61.6	104.2	122.867	95.8	103	100.067	72	88.5333	281.518	

zna=	469	171	844	516	125	62	688	94	609	547	406	172	516	187	141	640	547	828	313	672	375	656	453	672	500	266	375	156	140	344	531	157	78	109	875	125	625	110	218	797	156	438	140	109	110	78	94	109	110	94	93	78	78	94	62	109	63	78	94	110	125	62	93	78	94	78	125	62	46	78	187	125	78	79	62	78	63	47	94	78	78	63	94	79	109	390.977	
  xrxr[i]= 812.219   xrxr[i]= 340.714 otv=1396.9
min=340.714  m=1
--------------------------------------
bnbn=584.68	bnbn=1056.18	
matrsred=	89.4667	77	70.9333	335.333	132.333	127.267	143.533	133.467	112.467	317.667	162.6	127.067	105.067	134.533	150.933	318.667	103.2	85.4	137.533	343.8	119.867	162.4	107.333	83.3333	75	229.2	112.4	145.867	71.8667	86.4667	191.667	96.8	80.4	65.5333	653	166.667	188.6	125	128	360.6	127.067	191.6	81.2	81.2667	92.8	72.8667	97	64.6	81.1333	90.6	83.3333	72.9333	70.8667	87.4	89.4	79.3333	81.2	66.6667	73.0667	81.2667	97.8667	72.8667	62.3333	73.8667	80.1333	95.8667	91.6667	74.9333	88.4	85.3333	111.4	107.333	77.0667	78.1333	86.5333	94.6667	77.0667	85.4	90.6667	102.133	76.1333	69.9333	78.1333	77	76	159.371	
156.2	64.6	85.3333	829.333	134.267	129.2	186.4	204.333	167.6	866.667	205.333	282.2	213.467	198	147.867	923.067	210.333	120.8	117.8	1009.4	127	189.467	410.4	110.667	153	537.533	538.667	109.2	104.267	120.8	456.2	155.2	93.7333	81.3333	559.2	104.2	440.733	255.2	107.333	781.133	137.467	191.8	97	81.4	95.9333	82.4667	110.4	75	76.0667	112.533	78.0667	83.2667	72	106.267	69.7333	104.267	82.2	94.8	104	68.7333	103.133	74.9333	69.7333	84.4667	66.9333	76.2667	114.667	82.3333	71.8	82.2	95.8667	105.133	99.8	88.5333	73.9333	95.8	80.1333	61.6	104.2	122.867	95.8	103	100.067	72	88.5333	281.518	

zna=	125	78	110	828	140	125	532	125	187	875	172	281	63	172	125	1046	141	344	187	907	140	172	516	281	344	906	437	79	109	203	859	141	63	93	578	79	406	156	188	828	78	203	94	94	110	125	93	63	78	93	78	78	78	109	63	109	78	109	79	78	94	78	62	63	78	78	94	93	62	63	93	78	125	79	78	78	78	63	93	109	78	78	78	78	62	313.581	
  xrxr[i]= 617.329   xrxr[i]= 145.824 otv=1202.01
min=145.824  m=1
--------------------------------------
zna=	156	94	141	578	125	125	437	125	157	750	203	297	109	172	141	781	219	203	156	1125	109	172	453	125	141	453	344	156	63	109	297	140	79	62	656	94	313	171	110	594	125	171	110	94	94	78	78	62	62	94	94	109	62	125	62	109	78	125	94	78	93	78	62	94	78	78	94	78	63	78	78	78	109	78	79	78	109	63	109	93	94	109	78	62	79	258.372	
  xrxr[i]= 418.847   xrxr[i]= 52.6581 otv=1003.53
min=52.6581  m=1
--------------------------------------
bnbn=584.68	bnbn=1056.18	
matrsred=	89.4667	77	70.9333	335.333	132.333	127.267	143.533	133.467	112.467	317.667	162.6	127.067	105.067	134.533	150.933	318.667	103.2	85.4	137.533	343.8	119.867	162.4	107.333	83.3333	75	229.2	112.4	145.867	71.8667	86.4667	191.667	96.8	80.4	65.5333	653	166.667	188.6	125	128	360.6	127.067	191.6	81.2	81.2667	92.8	72.8667	97	64.6	81.1333	90.6	83.3333	72.9333	70.8667	87.4	89.4	79.3333	81.2	66.6667	73.0667	81.2667	97.8667	72.8667	62.3333	73.8667	80.1333	95.8667	91.6667	74.9333	88.4	85.3333	111.4	107.333	77.0667	78.1333	86.5333	94.6667	77.0667	85.4	90.6667	102.133	76.1333	69.9333	78.1333	77	76	159.371	
156.2	64.6	85.3333	829.333	134.267	129.2	186.4	204.333	167.6	866.667	205.333	282.2	213.467	198	147.867	923.067	210.333	120.8	117.8	1009.4	127	189.467	410.4	110.667	153	537.533	538.667	109.2	104.267	120.8	456.2	155.2	93.7333	81.3333	559.2	104.2	440.733	255.2	107.333	781.133	137.467	191.8	97	81.4	95.9333	82.4667	110.4	75	76.0667	112.533	78.0667	83.2667	72	106.267	69.7333	104.267	82.2	94.8	104	68.7333	103.133	74.9333	69.7333	84.4667	66.9333	76.2667	114.667	82.3333	71.8	82.2	95.8667	105.133	99.8	88.5333	73.9333	95.8	80.1333	61.6	104.2	122.867	95.8	103	100.067	72	88.5333	281.518	

zna=	125	62	110	390	297	110	296	204	140	781	219	219	94	172	109	922	140	204	93	1016	125	203	406	141	109	813	312	125	63	156	844	156	78	47	484	125	204	234	187	1032	109	188	62	78	94	78	110	63	78	94	78	125	47	110	47	125	78	109	94	63	93	78	78	78	63	78	125	94	62	94	94	109	125	78	94	78	109	63	94	93	94	125	93	63	78	277.256	
  xrxr[i]= 499.19   xrxr[i]= 27.6854 otv=1083.87
min=27.6854  m=1
--------------------------------------
bnbn=-190.45	bnbn=-14.4983	
matrsred=	178.12	160.3	188.22	521.84	187.44	42.54	256.46	150.68	264.48	578.08	216.6	184.66	171.54	246.8	182.58	636.22	180.06	224.34	199.08	582.22	133.34	341.26	101.62	246.22	225.3	509.44	299.72	120.82	85.4	225.62	444.02	157.46	126.98	144.32	644.34	110.38	280.84	160.96	346.22	423.8	163.48	214.36	74.66	75.64	66.6	60.62	72.2	70.36	75.9	72.34	69.12	60.26	72.52	69.6	70.62	73.74	62.92	57.18	64.66	73.38	63.44	57.2	63.42	71.9	124.42	106.88	76.94	57.52	69.66	68.36	137.6	97.44	59.92	75.02	73.54	68.68	59.12	64.98	77.48	73.8	74.1	65.68	75	73.1	72.5	254.201	
353.24	332.74	335.9	375.36	355.56	275.6	312.6	333.06	336.28	433.18	342.46	308.46	309.02	334.68	325.92	390.06	338.1	366.56	378.76	748.42	308.12	355.02	334.08	374.68	350.64	462.14	415.3	326.58	290.62	319.96	350.06	310.02	320.92	345.68	392.74	305.34	322.5	353.76	375.58	482.24	346	302.44	84.88	86.78	80.94	82.54	88.14	86.88	91.62	99.06	87.22	105.34	90	89.76	89.68	89.66	85.62	109.1	82.52	86.34	82.5	83.46	94.12	80	90.92	96.92	90.6	90.02	90.7	90.98	91.36	89.02	85.1	89.68	92.12	82.82	89.04	91.66	92.14	88.82	84.96	97.26	91.86	81.84	83.42	351.484	

zna=	391	375	250	297	344	250	281	406	281	297	266	312	235	328	297	640	344	344	406	719	312	375	375	360	390	563	437	375	297	344	766	281	281	406	328	282	312	297	375	406	313	281	78	78	62	109	94	78	93	109	94	110	78	94	94	93	78	109	78	94	78	94	94	78	94	94	78	78	78	94	94	78	78	78	78	63	78	79	78	94	94	109	94	78	63	355.395	
  xrxr[i]= 223.496   xrxr[i]= 47.5444 otv=33.0461
min=47.5444  m=1
--------------------------------------
zna=	171	204	218	688	140	47	235	187	625	563	297	140	172	422	453	359	204	250	203	843	125	579	109	453	172	562	329	140	78	297	360	171	188	187	454	93	297	203	313	359	188	234	93	110	78	78	94	79	94	78	94	63	78	46	78	78	78	63	79	93	78	62	63	79	171	141	94	62	79	93	156	125	78	93	110	94	79	78	110	125	94	78	94	78	63	287.791	
  xrxr[i]= 24.1718   xrxr[i]= 200.124 otv=-214.622
min=24.1718  m=0
--------------------------------------
zna=	125	47	109	609	79	109	187	297	141	687	204	312	94	109	110	734	219	172	140	1078	110	265	625	157	93	547	391	125	78	109	672	125	78	47	422	109	204	328	140	969	203	78	78	78	109	94	110	78	78	110	78	94	63	109	63	94	141	125	125	62	109	94	63	78	63	94	93	94	63	94	78	94	110	78	94	94	94	78	94	109	109	110	125	63	125	268.884	
  xrxr[i]= 73.0107   xrxr[i]= 102.941 otv=-117.439
min=73.0107  m=0
--------------------------------------
bnbn=-190.45	bnbn=-14.4983	
matrsred=	178.12	160.3	188.22	521.84	187.44	42.54	256.46	150.68	264.48	578.08	216.6	184.66	171.54	246.8	182.58	636.22	180.06	224.34	199.08	582.22	133.34	341.26	101.62	246.22	225.3	509.44	299.72	120.82	85.4	225.62	444.02	157.46	126.98	144.32	644.34	110.38	280.84	160.96	346.22	423.8	163.48	214.36	74.66	75.64	66.6	60.62	72.2	70.36	75.9	72.34	69.12	60.26	72.52	69.6	70.62	73.74	62.92	57.18	64.66	73.38	63.44	57.2	63.42	71.9	124.42	106.88	76.94	57.52	69.66	68.36	137.6	97.44	59.92	75.02	73.54	68.68	59.12	64.98	77.48	73.8	74.1	65.68	75	73.1	72.5	254.201	
353.24	332.74	335.9	375.36	355.56	275.6	312.6	333.06	336.28	433.18	342.46	308.46	309.02	334.68	325.92	390.06	338.1	366.56	378.76	748.42	308.12	355.02	334.08	374.68	350.64	462.14	415.3	326.58	290.62	319.96	350.06	310.02	320.92	345.68	392.74	305.34	322.5	353.76	375.58	482.24	346	302.44	84.88	86.78	80.94	82.54	88.14	86.88	91.62	99.06	87.22	105.34	90	89.76	89.68	89.66	85.62	109.1	82.52	86.34	82.5	83.46	94.12	80	90.92	96.92	90.6	90.02	90.7	90.98	91.36	89.02	85.1	89.68	92.12	82.82	89.04	91.66	92.14	88.82	84.96	97.26	91.86	81.84	83.42	351.484	

zna=	141	31	156	328	297	94	578	141	140	516	140	282	78	156	125	1000	141	109	188	968	110	218	485	94	140	485	359	109	94	125	875	141	109	31	453	94	250	328	235	672	234	266	94	109	109	94	156	63	78	94	78	78	62	110	78	109	94	109	94	78	125	78	63	78	63	62	125	94	78	78	94	78	94	94	78	78	94	63	125	125	78	109	109	78	62	269.256	
  xrxr[i]= 93.1424   xrxr[i]= 82.8093 otv=-97.3076
min=82.8093  m=1
--------------------------------------
zna=	219	625	172	281	203	47	297	265	391	313	203	187	156	297	375	407	171	219	313	422	140	313	125	297	187	547	453	156	110	234	453	172	141	187	563	172	328	250	375	359	172	219	94	94	94	78	94	78	109	109	94	94	93	78	78	94	94	63	78	79	78	78	78	94	203	156	109	78	94	78	188	140	78	94	94	78	78	78	109	140	93	93	109	94	78	269.628	
  xrxr[i]= 79.4023   xrxr[i]= 255.354 otv=-269.852
min=79.4023  m=0
--------------------------------------
zna=	219	172	172	375	109	63	265	141	359	360	140	235	109	281	172	453	203	782	203	953	141	484	281	203	453	360	281	141	78	297	390	188	140	157	453	109	313	172	390	235	203	187	94	94	78	78	78	110	93	94	78	63	78	110	93	125	94	78	94	94	93	62	62	78	94	94	78	79	62	94	172	140	78	94	94	79	78	94	110	78	93	78	93	78	78	267.442	
  xrxr[i]= 39.3005   xrxr[i]= 136.651 otv=-151.15
min=39.3005  m=0
--------------------------------------
zna=	313	328	203	360	312	250	234	360	265	344	313	265	282	390	328	328	266	297	281	985	281	344	328	422	265	344	328	328	406	360	328	266	406	265	360	219	359	281	360	500	343	438	94	109	94	110	93	109	109	125	94	110	94	109	94	93	94	110	94	94	94	94	109	109	93	93	78	110	78	94	78	79	109	94	109	78	110	78	93	94	94	125	93	78	94	333.233	
  xrxr[i]= 172.865   xrxr[i]= 3.08635 otv=-17.5847
min=3.08635  m=1
--------------------------------------
bnbn=-48.5253	bnbn=-161.646	bnbn=136.738	
matrsred=	178.12	160.3	188.22	521.84	187.44	42.54	256.46	150.68	264.48	578.08	216.6	184.66	171.54	246.8	182.58	636.22	180.06	224.34	199.08	582.22	133.34	341.26	101.62	246.22	225.3	509.44	299.72	120.82	85.4	225.62	444.02	157.46	126.98	144.32	644.34	110.38	280.84	160.96	346.22	423.8	163.48	214.36	74.66	75.64	66.6	60.62	72.2	70.36	75.9	72.34	69.12	60.26	72.52	69.6	70.62	73.74	62.92	57.18	64.66	73.38	63.44	57.2	63.42	71.9	124.42	106.88	76.94	57.52	69.66	68.36	137.6	97.44	59.92	75.02	73.54	68.68	59.12	64.98	77.48	73.8	74.1	65.68	75	73.1	72.5	254.201	
353.24	332.74	335.9	375.36	355.56	275.6	312.6	333.06	336.28	433.18	342.46	308.46	309.02	334.68	325.92	390.06	338.1	366.56	378.76	748.42	308.12	355.02	334.08	374.68	350.64	462.14	415.3	326.58	290.62	319.96	350.06	310.02	320.92	345.68	392.74	305.34	322.5	353.76	375.58	482.24	346	302.44	84.88	86.78	80.94	82.54	88.14	86.88	91.62	99.06	87.22	105.34	90	89.76	89.68	89.66	85.62	109.1	82.52	86.34	82.5	83.46	94.12	80	90.92	96.92	90.6	90.02	90.7	90.98	91.36	89.02	85.1	89.68	92.12	82.82	89.04	91.66	92.14	88.82	84.96	97.26	91.86	81.84	83.42	351.484	
155.1	67.54	110.86	407.46	165.34	119.72	171.82	183.16	139.38	735.36	158.76	212.56	135.56	179.62	102.52	812.22	166.9	162.76	117.8	796.54	123.78	197.86	268.14	126.16	135.68	618.72	348.46	105.9	90.62	114.34	563.9	173.66	74.36	67.22	555.62	132.26	304.3	287.48	141.6	492.12	149.38	230.38	92.94	80.62	108.1	82.52	116.94	71	76.68	113.5	80.68	93.82	68.12	116.8	68.28	114.68	86.26	112.5	113.04	70.28	122.76	81.56	71.58	81.8	76.78	77.12	122.52	78.44	69.32	76.82	104.08	101.22	108.52	92.44	77.16	105.3	87.44	66.82	108.96	134.3	96.98	112.52	105.98	79.04	78.36	243.751	

bnbn=-48.5253	bnbn=-161.646	bnbn=136.738	
matrsred=	178.12	160.3	188.22	521.84	187.44	42.54	256.46	150.68	264.48	578.08	216.6	184.66	171.54	246.8	182.58	636.22	180.06	224.34	199.08	582.22	133.34	341.26	101.62	246.22	225.3	509.44	299.72	120.82	85.4	225.62	444.02	157.46	126.98	144.32	644.34	110.38	280.84	160.96	346.22	423.8	163.48	214.36	74.66	75.64	66.6	60.62	72.2	70.36	75.9	72.34	69.12	60.26	72.52	69.6	70.62	73.74	62.92	57.18	64.66	73.38	63.44	57.2	63.42	71.9	124.42	106.88	76.94	57.52	69.66	68.36	137.6	97.44	59.92	75.02	73.54	68.68	59.12	64.98	77.48	73.8	74.1	65.68	75	73.1	72.5	254.201	
353.24	332.74	335.9	375.36	355.56	275.6	312.6	333.06	336.28	433.18	342.46	308.46	309.02	334.68	325.92	390.06	338.1	366.56	378.76	748.42	308.12	355.02	334.08	374.68	350.64	462.14	415.3	326.58	290.62	319.96	350.06	310.02	320.92	345.68	392.74	305.34	322.5	353.76	375.58	482.24	346	302.44	84.88	86.78	80.94	82.54	88.14	86.88	91.62	99.06	87.22	105.34	90	89.76	89.68	89.66	85.62	109.1	82.52	86.34	82.5	83.46	94.12	80	90.92	96.92	90.6	90.02	90.7	90.98	91.36	89.02	85.1	89.68	92.12	82.82	89.04	91.66	92.14	88.82	84.96	97.26	91.86	81.84	83.42	351.484	
155.1	67.54	110.86	407.46	165.34	119.72	171.82	183.16	139.38	735.36	158.76	212.56	135.56	179.62	102.52	812.22	166.9	162.76	117.8	796.54	123.78	197.86	268.14	126.16	135.68	618.72	348.46	105.9	90.62	114.34	563.9	173.66	74.36	67.22	555.62	132.26	304.3	287.48	141.6	492.12	149.38	230.38	92.94	80.62	108.1	82.52	116.94	71	76.68	113.5	80.68	93.82	68.12	116.8	68.28	114.68	86.26	112.5	113.04	70.28	122.76	81.56	71.58	81.8	76.78	77.12	122.52	78.44	69.32	76.82	104.08	101.22	108.52	92.44	77.16	105.3	87.44	66.82	108.96	134.3	96.98	112.52	105.98	79.04	78.36	243.751	

zna=	140	79	93	344	172	125	203	172	125	656	156	141	109	141	78	672	156	94	125	672	125	172	422	312	110	625	312	78	110	93	563	140	79	46	485	62	219	266	62	453	110	203	78	63	109	78	109	62	94	125	78	109	78	94	78	125	78	94	125	78	141	94	62	94	78	78	110	93	62	94	110	93	125	94	79	109	94	62	110	141	78	110	94	78	78	222.744	
  xrxr[i]= 161.326   xrxr[i]= 274.447   xrxr[i]= 23.9367 otv=112.801
min=23.9367  m=2
--------------------------------------
zna=	188	125	187	953	188	47	515	157	562	610	328	187	156	360	203	859	188	609	485	531	156	453	94	250	203	500	563	171	79	281	422	203	125	156	1172	109	453	297	703	454	203	437	94	94	78	78	94	94	109	94	93	94	125	125	94	94	94	94	94	94	125	93	62	94	156	125	109	63	94	78	188	171	94	93	78	78	78	78	125	110	94	63	62	78	110	349.581	
  xrxr[i]= 141.49   xrxr[i]= 28.3689   xrxr[i]= 326.753 otv=-190.015
min=28.3689  m=1
--------------------------------------
zna=	172	94	266	578	203	78	453	141	156	922	219	156	125	250	172	750	234	719	172	922	156	391	93	266	203	719	406	156	94	234	704	171	157	172	546	110	328	219	328	656	172	312	79	94	78	78	78	94	78	78	78	78	78	125	94	78	78	94	78	78	62	78	93	94	156	141	62	94	94	78	172	141	79	93	79	78	93	94	109	141	93	78	94	94	94	313.233	
  xrxr[i]= 63.4282   xrxr[i]= 176.549   xrxr[i]= 121.835 otv=14.903
min=63.4282  m=0
--------------------------------------
zna=	172	94	141	359	125	31	219	187	204	671	125	157	125	203	140	719	172	266	109	672	141	375	93	282	125	453	359	78	141	187	594	156	125	110	437	125	453	110	218	344	141	265	94	94	78	62	78	78	94	94	94	78	94	79	78	93	78	79	78	94	62	78	78	78	171	157	78	78	93	63	203	109	63	94	94	78	78	78	94	63	93	79	78	94	79	239.116	
  xrxr[i]= 2.9646   xrxr[i]= 110.156   xrxr[i]= 188.227 otv=-51.4899
min=2.9646  m=0
--------------------------------------
zna=	344	265	360	265	297	297	235	265	250	297	250	328	281	407	281	312	266	250	281	657	281	312	297	422	328	375	328	313	265	266	297	328	281	313	344	234	375	375	344	406	328	328	78	94	79	94	94	78	94	109	94	94	125	109	78	94	93	141	79	94	94	94	93	94	94	94	94	94	94	78	125	110	109	94	109	78	78	93	109	109	94	78	94	78	63	311.419	
  xrxr[i]= 145.564   xrxr[i]= 32.4427   xrxr[i]= 330.826 otv=-194.089
min=32.4427  m=1
--------------------------------------
bnbn=-38.5529	bnbn=-161.646	bnbn=136.738	
matrsred=	150.92	142.5	163.82	443.08	162.16	36.32	215.5	133.78	240.74	510.28	187.84	159.04	154.38	213.66	163.52	558.7	152.26	196.82	176.92	511.9	115.5	292.84	90.38	214.96	183.44	434.74	270.96	105.52	70.1	197.8	400.88	138.4	108.84	128.1	574	94.14	246.46	142.86	305.28	376.28	141.6	183.44	64.68	66.24	58.16	53.14	63.78	60.98	66.8	64.22	61	52.74	62.18	60.84	61.56	64.98	54.16	49.36	57.18	65.24	55.94	49.06	54.66	62.88	105.66	93.44	67.86	50.32	60.88	56.78	116.66	86.18	52.12	65.34	64.8	59.64	50.98	57.18	67.82	65.08	62.84	56.64	65.62	63.12	63.14	222.181	
353.24	332.74	335.9	375.36	355.56	275.6	312.6	333.06	336.28	433.18	342.46	308.46	309.02	334.68	325.92	390.06	338.1	366.56	378.76	748.42	308.12	355.02	334.08	374.68	350.64	462.14	415.3	326.58	290.62	319.96	350.06	310.02	320.92	345.68	392.74	305.34	322.5	353.76	375.58	482.24	346	302.44	84.88	86.78	80.94	82.54	88.14	86.88	91.62	99.06	87.22	105.34	90	89.76	89.68	89.66	85.62	109.1	82.52	86.34	82.5	83.46	94.12	80	90.92	96.92	90.6	90.02	90.7	90.98	91.36	89.02	85.1	89.68	92.12	82.82	89.04	91.66	92.14	88.82	84.96	97.26	91.86	81.84	83.42	351.484	
155.1	67.54	110.86	407.46	165.34	119.72	171.82	183.16	139.38	735.36	158.76	212.56	135.56	179.62	102.52	812.22	166.9	162.76	117.8	796.54	123.78	197.86	268.14	126.16	135.68	618.72	348.46	105.9	90.62	114.34	563.9	173.66	74.36	67.22	555.62	132.26	304.3	287.48	141.6	492.12	149.38	230.38	92.94	80.62	108.1	82.52	116.94	71	76.68	113.5	80.68	93.82	68.12	116.8	68.28	114.68	86.26	112.5	113.04	70.28	122.76	81.56	71.58	81.8	76.78	77.12	122.52	78.44	69.32	76.82	104.08	101.22	108.52	92.44	77.16	105.3	87.44	66.82	108.96	134.3	96.98	112.52	105.98	79.04	78.36	243.751	

zna=	172	78	125	407	187	141	265	250	188	1250	156	234	125	141	109	610	187	125	141	703	125	188	171	110	94	593	297	141	78	94	593	157	15	94	391	140	172	235	62	391	234	219	110	94	125	94	140	63	78	141	63	109	78	109	79	110	63	110	125	78	110	78	78	94	78	94	156	109	63	94	94	109	109	79	78	110	94	62	94	141	78	94	109	78	78	238.744	
  xrxr[i]= 176.917   xrxr[i]= 300.01   xrxr[i]= 1.62643 otv=138.364
min=1.62643  m=2
--------------------------------------
bnbn=-38.5529	bnbn=-117.915	bnbn=95.4082	
matrsred=	150.92	142.5	163.82	443.08	162.16	36.32	215.5	133.78	240.74	510.28	187.84	159.04	154.38	213.66	163.52	558.7	152.26	196.82	176.92	511.9	115.5	292.84	90.38	214.96	183.44	434.74	270.96	105.52	70.1	197.8	400.88	138.4	108.84	128.1	574	94.14	246.46	142.86	305.28	376.28	141.6	183.44	64.68	66.24	58.16	53.14	63.78	60.98	66.8	64.22	61	52.74	62.18	60.84	61.56	64.98	54.16	49.36	57.18	65.24	55.94	49.06	54.66	62.88	105.66	93.44	67.86	50.32	60.88	56.78	116.66	86.18	52.12	65.34	64.8	59.64	50.98	57.18	67.82	65.08	62.84	56.64	65.62	63.12	63.14	222.181	
268.16	248.72	247.8	275.66	250.58	213.44	224.12	242.46	249.4	305.96	246.5	226.98	226.14	244.7	246.86	293.46	252.16	248.8	274.04	530.94	202.54	244.64	232.52	271.26	250.94	314.68	262.48	245	218.12	240.58	267.56	225.94	231.54	252.56	264.94	225.66	236.58	245.58	275.3	341.62	244.7	213.14	61.06	62.78	57.22	57.5	62.52	63.46	64.4	71.26	61.56	74.36	62.46	63.2	64.66	64.06	60.94	77.82	57.82	61.36	58.42	59.08	66.92	57.16	65.64	69.08	64	64.06	63.78	64.38	63.82	63.1	59.14	63.74	65.24	57.82	62.82	65.08	64.96	64.42	61.22	70.04	65.92	58.12	59.34	253.118	
109.4	45.68	82.46	291.22	114.72	85.32	95.26	135.36	90.62	500.36	102.78	151.02	93.06	111.86	67.48	558.46	122.2	89.38	84.34	534.06	85.64	125.32	155.96	79	95.02	395	222.82	69.36	62.82	71.22	417.32	123.34	53.42	42.54	393.1	91	215.26	208.38	82.58	327.14	108.76	167.54	66.36	56.26	76.56	58.76	82.22	50.04	54.46	78.8	58.14	69.42	48.1	82.82	48.62	80.02	59.64	82.2	80.9	50	88.7	59.08	49.7	58.38	55.88	55.26	88.76	55.64	47.46	54.66	72.5	73.08	81.94	66.18	54.02	74.7	62.12	46.82	76.48	95.28	69.18	81.54	75.02	54.96	55.58	165.422	

zna=	140	94	125	344	172	125	109	94	109	656	328	188	78	156	110	625	156	109	125	1016	125	156	250	110	140	703	297	78	110	93	532	172	0	156	500	94	187	234	110	469	109	203	109	141	141	94	140	78	62	125	78	109	78	110	62	141	110	109	125	78	125	94	47	78	78	78	140	94	78	78	110	93	110	109	62	125	109	78	78	94	125	125	93	78	78	227.093	
  xrxr[i]= 194.006   xrxr[i]= 273.368   xrxr[i]= 60.045 otv=155.453
min=60.045  m=2
--------------------------------------
bnbn=-48.5253	bnbn=-137.118	bnbn=109.998	
matrsred=	178.12	160.3	188.22	521.84	187.44	42.54	256.46	150.68	264.48	578.08	216.6	184.66	171.54	246.8	182.58	636.22	180.06	224.34	199.08	582.22	133.34	341.26	101.62	246.22	225.3	509.44	299.72	120.82	85.4	225.62	444.02	157.46	126.98	144.32	644.34	110.38	280.84	160.96	346.22	423.8	163.48	214.36	74.66	75.64	66.6	60.62	72.2	70.36	75.9	72.34	69.12	60.26	72.52	69.6	70.62	73.74	62.92	57.18	64.66	73.38	63.44	57.2	63.42	71.9	124.42	106.88	76.94	57.52	69.66	68.36	137.6	97.44	59.92	75.02	73.54	68.68	59.12	64.98	77.48	73.8	74.1	65.68	75	73.1	72.5	254.201	
303.82	280.88	283.1	309.1	288.4	237.8	259.12	276.84	282.2	345.36	277.44	256.02	257.1	275.64	277.78	329.42	285.9	289.42	314.36	599.68	235.66	289.02	263.44	309.4	287.2	361.54	307.48	274.38	244.98	272.18	301	257.48	259.98	285.38	305.54	252.24	265.04	283.7	312.16	386.62	280.96	247.5	68.58	70.56	64.7	65.34	71.6	71.26	73.46	80.34	70.34	85.02	72.16	72.58	73.42	72.8	69.06	88.76	66.26	69.8	66.84	67.82	75.98	64.98	73.44	78.48	73.06	72.48	73.16	73.46	73.2	72.48	67.88	73.42	74.3	66.28	71.56	73.54	74.34	72.84	68.7	79.42	74.04	65.92	67.14	287.893	
124.76	54.08	92.16	323.4	140.64	96.58	132.46	156.3	107.48	584.1	124.06	168.22	111.8	127.16	78.42	652.84	137.82	119.06	95.58	616.26	98.46	144.7	198.46	92.74	106.9	474.66	269.1	81.24	72.48	90.6	469.82	138.98	60.92	48.46	449.36	101.94	245.26	239.02	92.86	374.96	124.7	189.12	75.44	64.68	87.2	65.94	95.06	56.94	61.98	90.06	66.26	77.58	54.68	94.36	55.78	92.52	68.4	92.52	91.2	56.24	99.64	66.9	56.56	65.88	62.76	62.44	100	63.76	54.68	62.46	82.8	83.1	91.64	75.26	61.82	84.06	70.88	54.02	88.68	109.32	77.92	93.76	85.34	63.08	63.06	192.348	

zna=	187	47	94	484	141	125	94	109	125	906	141	125	125	109	125	813	140	94	156	688	94	187	250	141	62	500	281	125	110	219	531	156	78	63	562	125	172	156	94	938	62	203	125	94	109	109	156	78	62	109	78	109	63	109	78	125	78	110	109	63	141	78	62	93	109	109	125	110	63	110	125	109	109	94	94	110	93	63	78	125	94	109	78	78	78	232.907	
  xrxr[i]= 190.271   xrxr[i]= 278.864   xrxr[i]= 31.7481 otv=141.746
min=31.7481  m=2
--------------------------------------
bnbn=-48.5253	bnbn=-137.118	bnbn=109.998	
matrsred=	178.12	160.3	188.22	521.84	187.44	42.54	256.46	150.68	264.48	578.08	216.6	184.66	171.54	246.8	182.58	636.22	180.06	224.34	199.08	582.22	133.34	341.26	101.62	246.22	225.3	509.44	299.72	120.82	85.4	225.62	444.02	157.46	126.98	144.32	644.34	110.38	280.84	160.96	346.22	423.8	163.48	214.36	74.66	75.64	66.6	60.62	72.2	70.36	75.9	72.34	69.12	60.26	72.52	69.6	70.62	73.74	62.92	57.18	64.66	73.38	63.44	57.2	63.42	71.9	124.42	106.88	76.94	57.52	69.66	68.36	137.6	97.44	59.92	75.02	73.54	68.68	59.12	64.98	77.48	73.8	74.1	65.68	75	73.1	72.5	254.201	
303.82	280.88	283.1	309.1	288.4	237.8	259.12	276.84	282.2	345.36	277.44	256.02	257.1	275.64	277.78	329.42	285.9	289.42	314.36	599.68	235.66	289.02	263.44	309.4	287.2	361.54	307.48	274.38	244.98	272.18	301	257.48	259.98	285.38	305.54	252.24	265.04	283.7	312.16	386.62	280.96	247.5	68.58	70.56	64.7	65.34	71.6	71.26	73.46	80.34	70.34	85.02	72.16	72.58	73.42	72.8	69.06	88.76	66.26	69.8	66.84	67.82	75.98	64.98	73.44	78.48	73.06	72.48	73.16	73.46	73.2	72.48	67.88	73.42	74.3	66.28	71.56	73.54	74.34	72.84	68.7	79.42	74.04	65.92	67.14	287.893	
124.76	54.08	92.16	323.4	140.64	96.58	132.46	156.3	107.48	584.1	124.06	168.22	111.8	127.16	78.42	652.84	137.82	119.06	95.58	616.26	98.46	144.7	198.46	92.74	106.9	474.66	269.1	81.24	72.48	90.6	469.82	138.98	60.92	48.46	449.36	101.94	245.26	239.02	92.86	374.96	124.7	189.12	75.44	64.68	87.2	65.94	95.06	56.94	61.98	90.06	66.26	77.58	54.68	94.36	55.78	92.52	68.4	92.52	91.2	56.24	99.64	66.9	56.56	65.88	62.76	62.44	100	63.76	54.68	62.46	82.8	83.1	91.64	75.26	61.82	84.06	70.88	54.02	88.68	109.32	77.92	93.76	85.34	63.08	63.06	192.348	

zna=	157	62	94	469	156	109	94	625	156	1078	719	141	109	141	125	844	140	125	110	640	125	172	203	156	110	437	282	125	78	109	578	141	62	63	531	125	203	172	78	391	125	203	110	93	110	109	109	62	94	141	109	110	63	110	78	110	94	109	109	78	110	78	63	78	109	94	110	78	94	93	93	93	109	78	78	125	78	63	109	125	94	110	94	78	94	247.837	
  xrxr[i]= 201.596   xrxr[i]= 290.189   xrxr[i]= 43.0726 otv=153.07
min=43.0726  m=2
--------------------------------------
bnbn=-188.171	bnbn=-282.201	bnbn=9.32931	
matrsred=	222.65	200.375	235.275	652.3	234.3	53.175	320.575	188.35	330.6	722.6	270.75	230.825	214.425	308.5	228.225	795.275	225.075	280.425	248.85	727.775	166.675	426.575	127.025	307.775	281.625	636.8	374.65	151.025	106.75	282.025	555.025	196.825	158.725	180.4	805.425	137.975	351.05	201.2	432.775	529.75	204.35	267.95	93.325	94.55	83.25	75.775	90.25	87.95	94.875	90.425	86.4	75.325	90.65	87	88.275	92.175	78.65	71.475	80.825	91.725	79.3	71.5	79.275	89.875	155.525	133.6	96.175	71.9	87.075	85.45	172	121.8	74.9	93.775	91.925	85.85	73.9	81.225	96.85	92.25	92.625	82.1	93.75	91.375	90.625	317.752	
379.775	351.1	353.875	386.375	360.5	297.25	323.9	346.05	352.75	431.7	346.8	320.025	321.375	344.55	347.225	411.775	357.375	361.775	392.95	749.6	294.575	361.275	329.3	386.75	359	451.925	384.35	342.975	306.225	340.225	376.25	321.85	324.975	356.725	381.925	315.3	331.3	354.625	390.2	483.275	351.2	309.375	85.725	88.2	80.875	81.675	89.5	89.075	91.825	100.425	87.925	106.275	90.2	90.725	91.775	91	86.325	110.95	82.825	87.25	83.55	84.775	94.975	81.225	91.8	98.1	91.325	90.6	91.45	91.825	91.5	90.6	84.85	91.775	92.875	82.85	89.45	91.925	92.925	91.05	85.875	99.275	92.55	82.4	83.925	359.866	
155.95	67.6	115.2	404.25	175.8	120.725	165.575	195.375	134.35	730.125	155.075	210.275	139.75	158.95	98.025	816.05	172.275	148.825	119.475	770.325	123.075	180.875	248.075	115.925	133.625	593.325	336.375	101.55	90.6	113.25	587.275	173.725	76.15	60.575	561.7	127.425	306.575	298.775	116.075	468.7	155.875	236.4	94.3	80.85	109	82.425	118.825	71.175	77.475	112.575	82.825	96.975	68.35	117.95	69.725	115.65	85.5	115.65	114	70.3	124.55	83.625	70.7	82.35	78.45	78.05	125	79.7	68.35	78.075	103.5	103.875	114.55	94.075	77.275	105.075	88.6	67.525	110.85	136.65	97.4	117.2	106.675	78.85	78.825	240.435	

zna=	156	47	141	359	172	125	94	125	140	578	172	219	109	157	109	734	141	125	125	1281	125	203	219	125	250	516	297	125	78	125	437	172	63	78	437	94	219	250	78	359	235	265	94	78	125	62	125	78	78	125	78	94	78	141	94	110	78	125	110	78	125	94	63	94	78	47	125	109	78	93	78	93	125	110	78	125	93	78	94	109	93	125	110	78	78	231.093	
  xrxr[i]= 166.459   xrxr[i]= 260.488   xrxr[i]= 31.0416 otv=-21.7123
min=31.0416  m=2
--------------------------------------
bnbn=-188.171	bnbn=-282.201	bnbn=9.32931	
matrsred=	222.65	200.375	235.275	652.3	234.3	53.175	320.575	188.35	330.6	722.6	270.75	230.825	214.425	308.5	228.225	795.275	225.075	280.425	248.85	727.775	166.675	426.575	127.025	307.775	281.625	636.8	374.65	151.025	106.75	282.025	555.025	196.825	158.725	180.4	805.425	137.975	351.05	201.2	432.775	529.75	204.35	267.95	93.325	94.55	83.25	75.775	90.25	87.95	94.875	90.425	86.4	75.325	90.65	87	88.275	92.175	78.65	71.475	80.825	91.725	79.3	71.5	79.275	89.875	155.525	133.6	96.175	71.9	87.075	85.45	172	121.8	74.9	93.775	91.925	85.85	73.9	81.225	96.85	92.25	92.625	82.1	93.75	91.375	90.625	317.752	
379.775	351.1	353.875	386.375	360.5	297.25	323.9	346.05	352.75	431.7	346.8	320.025	321.375	344.55	347.225	411.775	357.375	361.775	392.95	749.6	294.575	361.275	329.3	386.75	359	451.925	384.35	342.975	306.225	340.225	376.25	321.85	324.975	356.725	381.925	315.3	331.3	354.625	390.2	483.275	351.2	309.375	85.725	88.2	80.875	81.675	89.5	89.075	91.825	100.425	87.925	106.275	90.2	90.725	91.775	91	86.325	110.95	82.825	87.25	83.55	84.775	94.975	81.225	91.8	98.1	91.325	90.6	91.45	91.825	91.5	90.6	84.85	91.775	92.875	82.85	89.45	91.925	92.925	91.05	85.875	99.275	92.55	82.4	83.925	359.866	
155.95	67.6	115.2	404.25	175.8	120.725	165.575	195.375	134.35	730.125	155.075	210.275	139.75	158.95	98.025	816.05	172.275	148.825	119.475	770.325	123.075	180.875	248.075	115.925	133.625	593.325	336.375	101.55	90.6	113.25	587.275	173.725	76.15	60.575	561.7	127.425	306.575	298.775	116.075	468.7	155.875	236.4	94.3	80.85	109	82.425	118.825	71.175	77.475	112.575	82.825	96.975	68.35	117.95	69.725	115.65	85.5	115.65	114	70.3	124.55	83.625	70.7	82.35	78.45	78.05	125	79.7	68.35	78.075	103.5	103.875	114.55	94.075	77.275	105.075	88.6	67.525	110.85	136.65	97.4	117.2	106.675	78.85	78.825	240.435	

zna=	125	110	140	282	265	188	203	156	188	468	313	94	203	172	156	734	141	156	141	484	219	219	125	156	109	282	156	219	125	109	234	188	125	62	907	406	281	219	140	532	203	328	141	125	187	157	172	110	140	141	125	125	172	125	172	125	125	125	110	125	172	109	125	94	109	187	141	125	140	172	187	156	125	157	125	140	125	125	156	188	109	141	172	140	125	236.93	
  xrxr[i]= 54.9213   xrxr[i]= 148.951   xrxr[i]= 142.579 otv=-133.25
min=54.9213  m=0
--------------------------------------
zna=	140	78	141	281	297	125	266	172	125	843	172	235	140	141	94	828	203	172	109	656	125	204	218	125	94	547	359	110	125	62	531	157	78	31	281	188	219	421	125	329	203	218	93	94	125	125	157	78	78	109	93	109	79	110	93	125	78	140	125	125	125	63	79	94	78	78	125	94	78	94	93	78	110	79	78	109	94	63	109	109	94	110	109	78	79	233.651	
  xrxr[i]= 232.091   xrxr[i]= 326.12   xrxr[i]= 34.5903 otv=43.9196
min=34.5903  m=2
--------------------------------------
bnbn=-188.171	bnbn=-282.201	bnbn=9.32931	
matrsred=	222.65	200.375	235.275	652.3	234.3	53.175	320.575	188.35	330.6	722.6	270.75	230.825	214.425	308.5	228.225	795.275	225.075	280.425	248.85	727.775	166.675	426.575	127.025	307.775	281.625	636.8	374.65	151.025	106.75	282.025	555.025	196.825	158.725	180.4	805.425	137.975	351.05	201.2	432.775	529.75	204.35	267.95	93.325	94.55	83.25	75.775	90.25	87.95	94.875	90.425	86.4	75.325	90.65	87	88.275	92.175	78.65	71.475	80.825	91.725	79.3	71.5	79.275	89.875	155.525	133.6	96.175	71.9	87.075	85.45	172	121.8	74.9	93.775	91.925	85.85	73.9	81.225	96.85	92.25	92.625	82.1	93.75	91.375	90.625	317.752	
379.775	351.1	353.875	386.375	360.5	297.25	323.9	346.05	352.75	431.7	346.8	320.025	321.375	344.55	347.225	411.775	357.375	361.775	392.95	749.6	294.575	361.275	329.3	386.75	359	451.925	384.35	342.975	306.225	340.225	376.25	321.85	324.975	356.725	381.925	315.3	331.3	354.625	390.2	483.275	351.2	309.375	85.725	88.2	80.875	81.675	89.5	89.075	91.825	100.425	87.925	106.275	90.2	90.725	91.775	91	86.325	110.95	82.825	87.25	83.55	84.775	94.975	81.225	91.8	98.1	91.325	90.6	91.45	91.825	91.5	90.6	84.85	91.775	92.875	82.85	89.45	91.925	92.925	91.05	85.875	99.275	92.55	82.4	83.925	359.866	
155.95	67.6	115.2	404.25	175.8	120.725	165.575	195.375	134.35	730.125	155.075	210.275	139.75	158.95	98.025	816.05	172.275	148.825	119.475	770.325	123.075	180.875	248.075	115.925	133.625	593.325	336.375	101.55	90.6	113.25	587.275	173.725	76.15	60.575	561.7	127.425	306.575	298.775	116.075	468.7	155.875	236.4	94.3	80.85	109	82.425	118.825	71.175	77.475	112.575	82.825	96.975	68.35	117.95	69.725	115.65	85.5	115.65	114	70.3	124.55	83.625	70.7	82.35	78.45	78.05	125	79.7	68.35	78.075	103.5	103.875	114.55	94.075	77.275	105.075	88.6	67.525	110.85	136.65	97.4	117.2	106.675	78.85	78.825	240.435	

zna=	125	125	172	422	187	172	141	140	156	485	359	188	125	281	172	375	140	141	188	328	187	203	141	172	94	390	110	234	94	156	234	203	110	109	641	297	297	218	125	282	109	172	109	140	203	125	171	94	109	125	125	125	140	125	125	140	109	94	109	110	188	125	109	63	125	219	125	125	94	109	125	156	109	125	94	140	141	109	156	171	78	110	93	109	140	212.558	
  xrxr[i]= 7.6519   xrxr[i]= 86.3774   xrxr[i]= 205.153 otv=-195.823
min=7.6519  m=0
--------------------------------------
bnbn=-48.5253	bnbn=-137.118	bnbn=109.998	
matrsred=	178.12	160.3	188.22	521.84	187.44	42.54	256.46	150.68	264.48	578.08	216.6	184.66	171.54	246.8	182.58	636.22	180.06	224.34	199.08	582.22	133.34	341.26	101.62	246.22	225.3	509.44	299.72	120.82	85.4	225.62	444.02	157.46	126.98	144.32	644.34	110.38	280.84	160.96	346.22	423.8	163.48	214.36	74.66	75.64	66.6	60.62	72.2	70.36	75.9	72.34	69.12	60.26	72.52	69.6	70.62	73.74	62.92	57.18	64.66	73.38	63.44	57.2	63.42	71.9	124.42	106.88	76.94	57.52	69.66	68.36	137.6	97.44	59.92	75.02	73.54	68.68	59.12	64.98	77.48	73.8	74.1	65.68	75	73.1	72.5	254.201	
303.82	280.88	283.1	309.1	288.4	237.8	259.12	276.84	282.2	345.36	277.44	256.02	257.1	275.64	277.78	329.42	285.9	289.42	314.36	599.68	235.66	289.02	263.44	309.4	287.2	361.54	307.48	274.38	244.98	272.18	301	257.48	259.98	285.38	305.54	252.24	265.04	283.7	312.16	386.62	280.96	247.5	68.58	70.56	64.7	65.34	71.6	71.26	73.46	80.34	70.34	85.02	72.16	72.58	73.42	72.8	69.06	88.76	66.26	69.8	66.84	67.82	75.98	64.98	73.44	78.48	73.06	72.48	73.16	73.46	73.2	72.48	67.88	73.42	74.3	66.28	71.56	73.54	74.34	72.84	68.7	79.42	74.04	65.92	67.14	287.893	
124.76	54.08	92.16	323.4	140.64	96.58	132.46	156.3	107.48	584.1	124.06	168.22	111.8	127.16	78.42	652.84	137.82	119.06	95.58	616.26	98.46	144.7	198.46	92.74	106.9	474.66	269.1	81.24	72.48	90.6	469.82	138.98	60.92	48.46	449.36	101.94	245.26	239.02	92.86	374.96	124.7	189.12	75.44	64.68	87.2	65.94	95.06	56.94	61.98	90.06	66.26	77.58	54.68	94.36	55.78	92.52	68.4	92.52	91.2	56.24	99.64	66.9	56.56	65.88	62.76	62.44	100	63.76	54.68	62.46	82.8	83.1	91.64	75.26	61.82	84.06	70.88	54.02	88.68	109.32	77.92	93.76	85.34	63.08	63.06	192.348	

zna=	156	78	63	375	156	125	94	109	125	532	375	140	125	141	78	562	391	125	78	688	140	219	203	125	94	437	266	109	79	125	234	203	94	125	703	375	203	250	63	359	156	250	109	94	94	109	125	78	78	109	125	125	62	125	78	110	78	94	125	78	109	110	78	94	78	78	110	78	79	94	94	125	109	109	78	78	78	62	94	94	94	93	94	78	78	218.744	
  xrxr[i]= 56.5065   xrxr[i]= 145.1   xrxr[i]= 102.017 otv=7.9812
min=56.5065  m=0
--------------------------------------
bnbn=-48.5253	bnbn=-137.118	bnbn=109.998	
matrsred=	178.12	160.3	188.22	521.84	187.44	42.54	256.46	150.68	264.48	578.08	216.6	184.66	171.54	246.8	182.58	636.22	180.06	224.34	199.08	582.22	133.34	341.26	101.62	246.22	225.3	509.44	299.72	120.82	85.4	225.62	444.02	157.46	126.98	144.32	644.34	110.38	280.84	160.96	346.22	423.8	163.48	214.36	74.66	75.64	66.6	60.62	72.2	70.36	75.9	72.34	69.12	60.26	72.52	69.6	70.62	73.74	62.92	57.18	64.66	73.38	63.44	57.2	63.42	71.9	124.42	106.88	76.94	57.52	69.66	68.36	137.6	97.44	59.92	75.02	73.54	68.68	59.12	64.98	77.48	73.8	74.1	65.68	75	73.1	72.5	254.201	
303.82	280.88	283.1	309.1	288.4	237.8	259.12	276.84	282.2	345.36	277.44	256.02	257.1	275.64	277.78	329.42	285.9	289.42	314.36	599.68	235.66	289.02	263.44	309.4	287.2	361.54	307.48	274.38	244.98	272.18	301	257.48	259.98	285.38	305.54	252.24	265.04	283.7	312.16	386.62	280.96	247.5	68.58	70.56	64.7	65.34	71.6	71.26	73.46	80.34	70.34	85.02	72.16	72.58	73.42	72.8	69.06	88.76	66.26	69.8	66.84	67.82	75.98	64.98	73.44	78.48	73.06	72.48	73.16	73.46	73.2	72.48	67.88	73.42	74.3	66.28	71.56	73.54	74.34	72.84	68.7	79.42	74.04	65.92	67.14	287.893	
124.76	54.08	92.16	323.4	140.64	96.58	132.46	156.3	107.48	584.1	124.06	168.22	111.8	127.16	78.42	652.84	137.82	119.06	95.58	616.26	98.46	144.7	198.46	92.74	106.9	474.66	269.1	81.24	72.48	90.6	469.82	138.98	60.92	48.46	449.36	101.94	245.26	239.02	92.86	374.96	124.7	189.12	75.44	64.68	87.2	65.94	95.06	56.94	61.98	90.06	66.26	77.58	54.68	94.36	55.78	92.52	68.4	92.52	91.2	56.24	99.64	66.9	56.56	65.88	62.76	62.44	100	63.76	54.68	62.46	82.8	83.1	91.64	75.26	61.82	84.06	70.88	54.02	88.68	109.32	77.92	93.76	85.34	63.08	63.06	192.348	

zna=	156	62	63	765	94	141	109	110	125	578	78	125	140	110	78	875	141	109	141	734	109	188	172	125	78	359	266	140	79	109	547	156	94	62	735	125	828	250	94	296	204	250	93	94	125	94	110	94	78	110	78	93	62	125	94	110	62	94	125	62	156	78	62	94	94	93	125	94	63	94	94	93	109	94	94	125	94	62	125	94	109	109	125	78	78	234.372	
  xrxr[i]= 121.381   xrxr[i]= 209.974   xrxr[i]= 37.1421 otv=72.8557
min=37.1421  m=2
--------------------------------------
zna=	187	78	156	297	203	204	125	171	125	579	468	141	172	187	110	781	125	203	188	515	188	234	141	156	78	250	109	219	63	140	157	265	94	109	485	250	265	172	141	234	235	250	140	125	172	110	157	110	109	140	125	110	109	125	141	125	125	125	94	141	156	93	94	93	94	203	125	109	141	141	156	187	78	140	141	156	94	140	140	172	141	125	172	140	93	217.279	
  xrxr[i]= 85.242   xrxr[i]= 3.35102   xrxr[i]= 243.765 otv=-133.767
min=3.35102  m=1
--------------------------------------
bnbn=-69.7276	bnbn=-161.646	bnbn=136.738	
matrsred=	221.86	195.94	243.54	689.34	242.42	55.98	312.1	204.74	336.04	700.6	282.52	224.64	257.48	334.3	233.22	789.34	254.14	284	260.66	695.68	164.54	411.62	187.22	285.9	283.76	623.8	372.86	148.62	115.06	343.44	571.56	204.3	161.68	173.98	773.42	140.7	360.84	204.72	430.26	543.5	206.58	276.58	93.42	93.18	85.04	75.92	91.58	88.8	96.2	91.38	86.64	74.02	89.36	86.78	87.52	92.16	78.26	72.52	80.6	91.82	80.66	71.88	79.34	89.12	143.44	124.7	96.92	71.88	85.3	90.84	171.96	122.76	74.64	94.36	92.26	87.12	72.26	78.72	98.42	93.48	92.2	81.34	91.22	90.66	89.08	323.083	
353.24	332.74	335.9	375.36	355.56	275.6	312.6	333.06	336.28	433.18	342.46	308.46	309.02	334.68	325.92	390.06	338.1	366.56	378.76	748.42	308.12	355.02	334.08	374.68	350.64	462.14	415.3	326.58	290.62	319.96	350.06	310.02	320.92	345.68	392.74	305.34	322.5	353.76	375.58	482.24	346	302.44	84.88	86.78	80.94	82.54	88.14	86.88	91.62	99.06	87.22	105.34	90	89.76	89.68	89.66	85.62	109.1	82.52	86.34	82.5	83.46	94.12	80	90.92	96.92	90.6	90.02	90.7	90.98	91.36	89.02	85.1	89.68	92.12	82.82	89.04	91.66	92.14	88.82	84.96	97.26	91.86	81.84	83.42	351.484	
155.1	67.54	110.86	407.46	165.34	119.72	171.82	183.16	139.38	735.36	158.76	212.56	135.56	179.62	102.52	812.22	166.9	162.76	117.8	796.54	123.78	197.86	268.14	126.16	135.68	618.72	348.46	105.9	90.62	114.34	563.9	173.66	74.36	67.22	555.62	132.26	304.3	287.48	141.6	492.12	149.38	230.38	92.94	80.62	108.1	82.52	116.94	71	76.68	113.5	80.68	93.82	68.12	116.8	68.28	114.68	86.26	112.5	113.04	70.28	122.76	81.56	71.58	81.8	76.78	77.12	122.52	78.44	69.32	76.82	104.08	101.22	108.52	92.44	77.16	105.3	87.44	66.82	108.96	134.3	96.98	112.52	105.98	79.04	78.36	243.751	

zna=	172	63	62	406	157	140	63	125	109	734	110	156	141	125	93	594	156	125	125	750	125	204	203	375	125	547	1171	63	172	453	469	172	93	110	625	125	187	328	94	328	203	250	94	78	109	94	110	78	63	125	93	156	63	94	78	125	62	94	125	63	141	79	79	79	125	93	109	78	78	79	109	47	94	109	109	125	93	78	78	110	110	109	110	63	63	253.279	
  xrxr[i]= 241.09   xrxr[i]= 333.009   xrxr[i]= 34.6251 otv=171.363
min=34.6251  m=2
--------------------------------------
bnbn=-69.7276	bnbn=-161.646	bnbn=136.738	
matrsred=	221.86	195.94	243.54	689.34	242.42	55.98	312.1	204.74	336.04	700.6	282.52	224.64	257.48	334.3	233.22	789.34	254.14	284	260.66	695.68	164.54	411.62	187.22	285.9	283.76	623.8	372.86	148.62	115.06	343.44	571.56	204.3	161.68	173.98	773.42	140.7	360.84	204.72	430.26	543.5	206.58	276.58	93.42	93.18	85.04	75.92	91.58	88.8	96.2	91.38	86.64	74.02	89.36	86.78	87.52	92.16	78.26	72.52	80.6	91.82	80.66	71.88	79.34	89.12	143.44	124.7	96.92	71.88	85.3	90.84	171.96	122.76	74.64	94.36	92.26	87.12	72.26	78.72	98.42	93.48	92.2	81.34	91.22	90.66	89.08	323.083	
353.24	332.74	335.9	375.36	355.56	275.6	312.6	333.06	336.28	433.18	342.46	308.46	309.02	334.68	325.92	390.06	338.1	366.56	378.76	748.42	308.12	355.02	334.08	374.68	350.64	462.14	415.3	326.58	290.62	319.96	350.06	310.02	320.92	345.68	392.74	305.34	322.5	353.76	375.58	482.24	346	302.44	84.88	86.78	80.94	82.54	88.14	86.88	91.62	99.06	87.22	105.34	90	89.76	89.68	89.66	85.62	109.1	82.52	86.34	82.5	83.46	94.12	80	90.92	96.92	90.6	90.02	90.7	90.98	91.36	89.02	85.1	89.68	92.12	82.82	89.04	91.66	92.14	88.82	84.96	97.26	91.86	81.84	83.42	351.484	
155.1	67.54	110.86	407.46	165.34	119.72	171.82	183.16	139.38	735.36	158.76	212.56	135.56	179.62	102.52	812.22	166.9	162.76	117.8	796.54	123.78	197.86	268.14	126.16	135.68	618.72	348.46	105.9	90.62	114.34	563.9	173.66	74.36	67.22	555.62	132.26	304.3	287.48	141.6	492.12	149.38	230.38	92.94	80.62	108.1	82.52	116.94	71	76.68	113.5	80.68	93.82	68.12	116.8	68.28	114.68	86.26	112.5	113.04	70.28	122.76	81.56	71.58	81.8	76.78	77.12	122.52	78.44	69.32	76.82	104.08	101.22	108.52	92.44	77.16	105.3	87.44	66.82	108.96	134.3	96.98	112.52	105.98	79.04	78.36	243.751	

zna=	141	203	78	500	172	187	141	188	125	578	281	109	141	172	94	265	125	141	140	329	187	250	172	125	94	437	1078	235	140	110	250	172	125	62	469	203	250	203	94	203	141	390	125	125	109	94	109	94	125	141	125	109	109	94	141	94	140	93	110	141	172	125	109	78	109	141	141	140	94	141	172	157	109	125	125	125	125	140	125	172	109	156	156	140	141	224.209	
  xrxr[i]= 9.07408   xrxr[i]= 82.8445   xrxr[i]= 215.539 otv=-78.8017
min=9.07408  m=0
--------------------------------------
bnbn=-69.7276	bnbn=-161.646	bnbn=136.738	
matrsred=	221.86	195.94	243.54	689.34	242.42	55.98	312.1	204.74	336.04	700.6	282.52	224.64	257.48	334.3	233.22	789.34	254.14	284	260.66	695.68	164.54	411.62	187.22	285.9	283.76	623.8	372.86	148.62	115.06	343.44	571.56	204.3	161.68	173.98	773.42	140.7	360.84	204.72	430.26	543.5	206.58	276.58	93.42	93.18	85.04	75.92	91.58	88.8	96.2	91.38	86.64	74.02	89.36	86.78	87.52	92.16	78.26	72.52	80.6	91.82	80.66	71.88	79.34	89.12	143.44	124.7	96.92	71.88	85.3	90.84	171.96	122.76	74.64	94.36	92.26	87.12	72.26	78.72	98.42	93.48	92.2	81.34	91.22	90.66	89.08	323.083	
353.24	332.74	335.9	375.36	355.56	275.6	312.6	333.06	336.28	433.18	342.46	308.46	309.02	334.68	325.92	390.06	338.1	366.56	378.76	748.42	308.12	355.02	334.08	374.68	350.64	462.14	415.3	326.58	290.62	319.96	350.06	310.02	320.92	345.68	392.74	305.34	322.5	353.76	375.58	482.24	346	302.44	84.88	86.78	80.94	82.54	88.14	86.88	91.62	99.06	87.22	105.34	90	89.76	89.68	89.66	85.62	109.1	82.52	86.34	82.5	83.46	94.12	80	90.92	96.92	90.6	90.02	90.7	90.98	91.36	89.02	85.1	89.68	92.12	82.82	89.04	91.66	92.14	88.82	84.96	97.26	91.86	81.84	83.42	351.484	
155.1	67.54	110.86	407.46	165.34	119.72	171.82	183.16	139.38	735.36	158.76	212.56	135.56	179.62	102.52	812.22	166.9	162.76	117.8	796.54	123.78	197.86	268.14	126.16	135.68	618.72	348.46	105.9	90.62	114.34	563.9	173.66	74.36	67.22	555.62	132.26	304.3	287.48	141.6	492.12	149.38	230.38	92.94	80.62	108.1	82.52	116.94	71	76.68	113.5	80.68	93.82	68.12	116.8	68.28	114.68	86.26	112.5	113.04	70.28	122.76	81.56	71.58	81.8	76.78	77.12	122.52	78.44	69.32	76.82	104.08	101.22	108.52	92.44	77.16	105.3	87.44	66.82	108.96	134.3	96.98	112.52	105.98	79.04	78.36	243.751	

zna=	172	203	234	391	547	141	218	453	219	578	219	547	344	453	187	375	563	344	328	1156	250	422	312	391	328	625	422	266	156	359	672	172	250	328	563	390	156	610	281	391	484	344	94	94	94	63	78	78	78	78	79	63	78	94	62	78	78	78	78	78	78	62	78	94	47	63	62	63	78	94	78	94	63	78	94	78	78	78	78	79	78	78	78	78	94	370.651	
  xrxr[i]= 31.717   xrxr[i]= 60.2016   xrxr[i]= 238.182 otv=-101.445
min=31.717  m=0
--------------------------------------
bnbn=-69.7276	bnbn=-161.646	bnbn=136.738	
matrsred=	221.86	195.94	243.54	689.34	242.42	55.98	312.1	204.74	336.04	700.6	282.52	224.64	257.48	334.3	233.22	789.34	254.14	284	260.66	695.68	164.54	411.62	187.22	285.9	283.76	623.8	372.86	148.62	115.06	343.44	571.56	204.3	161.68	173.98	773.42	140.7	360.84	204.72	430.26	543.5	206.58	276.58	93.42	93.18	85.04	75.92	91.58	88.8	96.2	91.38	86.64	74.02	89.36	86.78	87.52	92.16	78.26	72.52	80.6	91.82	80.66	71.88	79.34	89.12	143.44	124.7	96.92	71.88	85.3	90.84	171.96	122.76	74.64	94.36	92.26	87.12	72.26	78.72	98.42	93.48	92.2	81.34	91.22	90.66	89.08	323.083	
353.24	332.74	335.9	375.36	355.56	275.6	312.6	333.06	336.28	433.18	342.46	308.46	309.02	334.68	325.92	390.06	338.1	366.56	378.76	748.42	308.12	355.02	334.08	374.68	350.64	462.14	415.3	326.58	290.62	319.96	350.06	310.02	320.92	345.68	392.74	305.34	322.5	353.76	375.58	482.24	346	302.44	84.88	86.78	80.94	82.54	88.14	86.88	91.62	99.06	87.22	105.34	90	89.76	89.68	89.66	85.62	109.1	82.52	86.34	82.5	83.46	94.12	80	90.92	96.92	90.6	90.02	90.7	90.98	91.36	89.02	85.1	89.68	92.12	82.82	89.04	91.66	92.14	88.82	84.96	97.26	91.86	81.84	83.42	351.484	
155.1	67.54	110.86	407.46	165.34	119.72	171.82	183.16	139.38	735.36	158.76	212.56	135.56	179.62	102.52	812.22	166.9	162.76	117.8	796.54	123.78	197.86	268.14	126.16	135.68	618.72	348.46	105.9	90.62	114.34	563.9	173.66	74.36	67.22	555.62	132.26	304.3	287.48	141.6	492.12	149.38	230.38	92.94	80.62	108.1	82.52	116.94	71	76.68	113.5	80.68	93.82	68.12	116.8	68.28	114.68	86.26	112.5	113.04	70.28	122.76	81.56	71.58	81.8	76.78	77.12	122.52	78.44	69.32	76.82	104.08	101.22	108.52	92.44	77.16	105.3	87.44	66.82	108.96	134.3	96.98	112.52	105.98	79.04	78.36	243.751	

zna=	141	78	62	188	125	141	125	62	141	422	140	156	125	141	94	562	157	109	141	578	109	188	203	156	125	359	250	125	78	94	250	188	62	47	297	94	172	187	63	296	204	203	94	94	94	94	125	78	62	78	78	93	78	94	79	94	63	109	110	78	109	93	62	94	93	93	78	62	63	63	78	79	78	110	62	78	94	62	78	156	94	125	94	62	78	174.791	
  xrxr[i]= 135.817   xrxr[i]= 227.736   xrxr[i]= 70.6478 otv=66.0897
min=70.6478  m=2
--------------------------------------
bnbn=-69.7276	bnbn=-161.646	bnbn=136.738	
matrsred=	221.86	195.94	243.54	689.34	242.42	55.98	312.1	204.74	336.04	700.6	282.52	224.64	257.48	334.3	233.22	789.34	254.14	284	260.66	695.68	164.54	411.62	187.22	285.9	283.76	623.8	372.86	148.62	115.06	343.44	571.56	204.3	161.68	173.98	773.42	140.7	360.84	204.72	430.26	543.5	206.58	276.58	93.42	93.18	85.04	75.92	91.58	88.8	96.2	91.38	86.64	74.02	89.36	86.78	87.52	92.16	78.26	72.52	80.6	91.82	80.66	71.88	79.34	89.12	143.44	124.7	96.92	71.88	85.3	90.84	171.96	122.76	74.64	94.36	92.26	87.12	72.26	78.72	98.42	93.48	92.2	81.34	91.22	90.66	89.08	323.083	
353.24	332.74	335.9	375.36	355.56	275.6	312.6	333.06	336.28	433.18	342.46	308.46	309.02	334.68	325.92	390.06	338.1	366.56	378.76	748.42	308.12	355.02	334.08	374.68	350.64	462.14	415.3	326.58	290.62	319.96	350.06	310.02	320.92	345.68	392.74	305.34	322.5	353.76	375.58	482.24	346	302.44	84.88	86.78	80.94	82.54	88.14	86.88	91.62	99.06	87.22	105.34	90	89.76	89.68	89.66	85.62	109.1	82.52	86.34	82.5	83.46	94.12	80	90.92	96.92	90.6	90.02	90.7	90.98	91.36	89.02	85.1	89.68	92.12	82.82	89.04	91.66	92.14	88.82	84.96	97.26	91.86	81.84	83.42	351.484	
155.1	67.54	110.86	407.46	165.34	119.72	171.82	183.16	139.38	735.36	158.76	212.56	135.56	179.62	102.52	812.22	166.9	162.76	117.8	796.54	123.78	197.86	268.14	126.16	135.68	618.72	348.46	105.9	90.62	114.34	563.9	173.66	74.36	67.22	555.62	132.26	304.3	287.48	141.6	492.12	149.38	230.38	92.94	80.62	108.1	82.52	116.94	71	76.68	113.5	80.68	93.82	68.12	116.8	68.28	114.68	86.26	112.5	113.04	70.28	122.76	81.56	71.58	81.8	76.78	77.12	122.52	78.44	69.32	76.82	104.08	101.22	108.52	92.44	77.16	105.3	87.44	66.82	108.96	134.3	96.98	112.52	105.98	79.04	78.36	243.751	

zna=	156	47	110	296	188	109	125	78	157	484	125	109	125	110	109	438	172	93	141	609	110	187	188	125	125	437	266	125	78	94	437	141	62	78	375	125	188	891	140	563	140	203	94	63	78	93	110	62	78	78	63	109	63	94	79	94	94	110	109	62	125	78	63	93	78	78	78	78	63	78	78	109	93	94	78	78	94	79	63	94	109	110	62	63	79	207.86	
  xrxr[i]= 57.4245   xrxr[i]= 149.343   xrxr[i]= 149.041 otv=-12.3031
min=57.4245  m=0
--------------------------------------
bnbn=-60.6566	bnbn=-171.398	bnbn=137.497	
matrsred=	222.65	200.375	235.275	652.3	234.3	53.175	320.575	188.35	330.6	722.6	270.75	230.825	214.425	308.5	228.225	795.275	225.075	280.425	248.85	727.775	166.675	426.575	127.025	307.775	281.625	636.8	374.65	151.025	106.75	282.025	555.025	196.825	158.725	180.4	805.425	137.975	351.05	201.2	432.775	529.75	204.35	267.95	93.325	94.55	83.25	75.775	90.25	87.95	94.875	90.425	86.4	75.325	90.65	87	88.275	92.175	78.65	71.475	80.825	91.725	79.3	71.5	79.275	89.875	155.525	133.6	96.175	71.9	87.075	85.45	172	121.8	74.9	93.775	91.925	85.85	73.9	81.225	96.85	92.25	92.625	82.1	93.75	91.375	90.625	317.752	
379.775	351.1	353.875	386.375	360.5	297.25	323.9	346.05	352.75	431.7	346.8	320.025	321.375	344.55	347.225	411.775	357.375	361.775	392.95	749.6	294.575	361.275	329.3	386.75	359	451.925	384.35	342.975	306.225	340.225	376.25	321.85	324.975	356.725	381.925	315.3	331.3	354.625	390.2	483.275	351.2	309.375	85.725	88.2	80.875	81.675	89.5	89.075	91.825	100.425	87.925	106.275	90.2	90.725	91.775	91	86.325	110.95	82.825	87.25	83.55	84.775	94.975	81.225	91.8	98.1	91.325	90.6	91.45	91.825	91.5	90.6	84.85	91.775	92.875	82.85	89.45	91.925	92.925	91.05	85.875	99.275	92.55	82.4	83.925	359.866	
155.95	67.6	115.2	404.25	175.8	120.725	165.575	195.375	134.35	730.125	155.075	210.275	139.75	158.95	98.025	816.05	172.275	148.825	119.475	770.325	123.075	180.875	248.075	115.925	133.625	593.325	336.375	101.55	90.6	113.25	587.275	173.725	76.15	60.575	561.7	127.425	306.575	298.775	116.075	468.7	155.875	236.4	94.3	80.85	109	82.425	118.825	71.175	77.475	112.575	82.825	96.975	68.35	117.95	69.725	115.65	85.5	115.65	114	70.3	124.55	83.625	70.7	82.35	78.45	78.05	125	79.7	68.35	78.075	103.5	103.875	114.55	94.075	77.275	105.075	88.6	67.525	110.85	136.65	97.4	117.2	106.675	78.85	78.825	240.435	

zna=	157	46	110	297	156	125	62	125	125	454	140	141	140	141	94	562	141	109	203	594	125	188	187	156	110	406	266	140	94	78	235	171	110	47	578	125	203	187	141	219	312	125	94	78	79	94	78	78	62	94	79	94	93	78	78	94	47	109	78	78	125	94	63	94	93	125	94	62	78	93	78	109	110	109	94	47	78	62	94	78	63	94	94	63	63	190.419	
  xrxr[i]= 92.7628   xrxr[i]= 203.504   xrxr[i]= 105.391 otv=32.1062
min=92.7628  m=0
--------------------------------------
bnbn=-60.6566	bnbn=-171.398	bnbn=137.497	
matrsred=	222.65	200.375	235.275	652.3	234.3	53.175	320.575	188.35	330.6	722.6	270.75	230.825	214.425	308.5	228.225	795.275	225.075	280.425	248.85	727.775	166.675	426.575	127.025	307.775	281.625	636.8	374.65	151.025	106.75	282.025	555.025	196.825	158.725	180.4	805.425	137.975	351.05	201.2	432.775	529.75	204.35	267.95	93.325	94.55	83.25	75.775	90.25	87.95	94.875	90.425	86.4	75.325	90.65	87	88.275	92.175	78.65	71.475	80.825	91.725	79.3	71.5	79.275	89.875	155.525	133.6	96.175	71.9	87.075	85.45	172	121.8	74.9	93.775	91.925	85.85	73.9	81.225	96.85	92.25	92.625	82.1	93.75	91.375	90.625	317.752	
379.775	351.1	353.875	386.375	360.5	297.25	323.9	346.05	352.75	431.7	346.8	320.025	321.375	344.55	347.225	411.775	357.375	361.775	392.95	749.6	294.575	361.275	329.3	386.75	359	451.925	384.35	342.975	306.225	340.225	376.25	321.85	324.975	356.725	381.925	315.3	331.3	354.625	390.2	483.275	351.2	309.375	85.725	88.2	80.875	81.675	89.5	89.075	91.825	100.425	87.925	106.275	90.2	90.725	91.775	91	86.325	110.95	82.825	87.25	83.55	84.775	94.975	81.225	91.8	98.1	91.325	90.6	91.45	91.825	91.5	90.6	84.85	91.775	92.875	82.85	89.45	91.925	92.925	91.05	85.875	99.275	92.55	82.4	83.925	359.866	
155.95	67.6	115.2	404.25	175.8	120.725	165.575	195.375	134.35	730.125	155.075	210.275	139.75	158.95	98.025	816.05	172.275	148.825	119.475	770.325	123.075	180.875	248.075	115.925	133.625	593.325	336.375	101.55	90.6	113.25	587.275	173.725	76.15	60.575	561.7	127.425	306.575	298.775	116.075	468.7	155.875	236.4	94.3	80.85	109	82.425	118.825	71.175	77.475	112.575	82.825	96.975	68.35	117.95	69.725	115.65	85.5	115.65	114	70.3	124.55	83.625	70.7	82.35	78.45	78.05	125	79.7	68.35	78.075	103.5	103.875	114.55	94.075	77.275	105.075	88.6	67.525	110.85	136.65	97.4	117.2	106.675	78.85	78.825	240.435	

zna=	156	63	140	297	188	109	109	110	109	438	156	125	140	110	109	375	172	78	125	578	125	203	204	125	125	484	250	109	94	78	235	187	78	63	343	110	172	187	94	250	250	250	78	94	93	94	109	62	78	94	62	109	78	94	78	94	94	110	94	78	110	94	63	94	79	78	93	78	62	78	78	94	110	125	94	78	78	63	78	109	94	94	78	62	78	180.953	
  xrxr[i]= 37.7993   xrxr[i]= 148.541   xrxr[i]= 160.355 
156*(-0.0498198)+63*(-0.0106136)+140*(0.0492274)+297*(-0.00319256)+188*(-0.107946)+109*(0.0577649)+109*(-0.017212)+110*(0.0514242)+109*(-0.00800615)+438*(0.112528)+156*(0.0438619)+125*(0.101514)+140*(-0.0204488)+110*(0.0544446)+109*(-0.000981886)+375*(0.125153)+172*(0.0391045)+78*(0.0635433)+125*(-0.00686342)+578*(0.070541)+125*(-0.0274453)+203*(-3.16025e-05)+204*(0.0576031)+125*(0.000102807)+125*(0.0339743)+484*(0.105109)+250*(0.101875)+109*(-0.0363937)+94*(0.0753867)+78*(0.0130724)+235*(0.171631)+187*(0.0404114)+78*(0.00222263)+63*(-0.0126031)+343*(0.109823)+110*(0.0347997)+172*(-0.0218067)+187*(-0.0237469)+94*(0.0580585)+250*(0.0972584)+250*(0.0530056)+250*(-0.0643452)+78*(-0.0721665)+94*(0.126001)+93*(0.0681969)+94*(0.291536)+109*(-0.152766)+62*(0.0120783)+78*(-0.00807034)+94*(-0.00926516)+62*(0.165839)+109*(-0.0960006)+78*(-0.209511)+94*(-0.0388093)+78*(-0.0660482)+94*(0.0690727)+94*(0.0666016)+110*(0.168262)+94*(-0.112626)+78*(-0.116316)+110*(-0.103353)+94*(0.000468521)+63*(0.253459)+94*(0.314455)+79*(-0.0100282)+78*(-0.162656)+93*(0.136594)+78*(0.128488)+62*(0.019077)+78*(0.286471)+78*(-0.169598)+94*(-0.695689)+110*(0.0239177)+125*(-0.347136)+94*(-0.391833)+78*(0.0141728)+78*(0.519578)+63*(0.26322)+78*(-0.0179585)+109*(0.0832819)+94*(-0.268941)+94*(0.815483)+78*(0.652569)+62*(-1.25673)+78*(-0.575019)+180.953*(-1.90768)+
otv=-22.8573
min=37.7993  m=0
--------------------------------------
bnbn=-60.6566	bnbn=-171.398	bnbn=137.497	
matrsred=	222.65	200.375	235.275	652.3	234.3	53.175	320.575	188.35	330.6	722.6	270.75	230.825	214.425	308.5	228.225	795.275	225.075	280.425	248.85	727.775	166.675	426.575	127.025	307.775	281.625	636.8	374.65	151.025	106.75	282.025	555.025	196.825	158.725	180.4	805.425	137.975	351.05	201.2	432.775	529.75	204.35	267.95	93.325	94.55	83.25	75.775	90.25	87.95	94.875	90.425	86.4	75.325	90.65	87	88.275	92.175	78.65	71.475	80.825	91.725	79.3	71.5	79.275	89.875	155.525	133.6	96.175	71.9	87.075	85.45	172	121.8	74.9	93.775	91.925	85.85	73.9	81.225	96.85	92.25	92.625	82.1	93.75	91.375	90.625	317.752	
379.775	351.1	353.875	386.375	360.5	297.25	323.9	346.05	352.75	431.7	346.8	320.025	321.375	344.55	347.225	411.775	357.375	361.775	392.95	749.6	294.575	361.275	329.3	386.75	359	451.925	384.35	342.975	306.225	340.225	376.25	321.85	324.975	356.725	381.925	315.3	331.3	354.625	390.2	483.275	351.2	309.375	85.725	88.2	80.875	81.675	89.5	89.075	91.825	100.425	87.925	106.275	90.2	90.725	91.775	91	86.325	110.95	82.825	87.25	83.55	84.775	94.975	81.225	91.8	98.1	91.325	90.6	91.45	91.825	91.5	90.6	84.85	91.775	92.875	82.85	89.45	91.925	92.925	91.05	85.875	99.275	92.55	82.4	83.925	359.866	
155.95	67.6	115.2	404.25	175.8	120.725	165.575	195.375	134.35	730.125	155.075	210.275	139.75	158.95	98.025	816.05	172.275	148.825	119.475	770.325	123.075	180.875	248.075	115.925	133.625	593.325	336.375	101.55	90.6	113.25	587.275	173.725	76.15	60.575	561.7	127.425	306.575	298.775	116.075	468.7	155.875	236.4	94.3	80.85	109	82.425	118.825	71.175	77.475	112.575	82.825	96.975	68.35	117.95	69.725	115.65	85.5	115.65	114	70.3	124.55	83.625	70.7	82.35	78.45	78.05	125	79.7	68.35	78.075	103.5	103.875	114.55	94.075	77.275	105.075	88.6	67.525	110.85	136.65	97.4	117.2	106.675	78.85	78.825	240.435	

zna=	172	125	93	453	282	140	110	109	156	407	140	297	125	156	157	703	281	94	140	500	125	188	219	140	156	407	297	109	109	125	453	172	32	109	516	140	188	281	156	453	219	281	109	93	109	63	141	78	78	109	63	110	62	125	63	125	78	109	140	78	109	63	78	94	94	78	110	79	62	78	78	94	110	94	63	109	78	62	94	140	94	94	94	63	78	223.093	
  xrxr[i]= 99.3003   xrxr[i]= 210.042   xrxr[i]= 98.8536 
otv=38.6437
min=98.8536  m=2
--------------------------------------
bnbn=-60.6566	bnbn=-171.398	bnbn=137.497	
matrsred=	222.65	200.375	235.275	652.3	234.3	53.175	320.575	188.35	330.6	722.6	270.75	230.825	214.425	308.5	228.225	795.275	225.075	280.425	248.85	727.775	166.675	426.575	127.025	307.775	281.625	636.8	374.65	151.025	106.75	282.025	555.025	196.825	158.725	180.4	805.425	137.975	351.05	201.2	432.775	529.75	204.35	267.95	93.325	94.55	83.25	75.775	90.25	87.95	94.875	90.425	86.4	75.325	90.65	87	88.275	92.175	78.65	71.475	80.825	91.725	79.3	71.5	79.275	89.875	155.525	133.6	96.175	71.9	87.075	85.45	172	121.8	74.9	93.775	91.925	85.85	73.9	81.225	96.85	92.25	92.625	82.1	93.75	91.375	90.625	317.752	
379.775	351.1	353.875	386.375	360.5	297.25	323.9	346.05	352.75	431.7	346.8	320.025	321.375	344.55	347.225	411.775	357.375	361.775	392.95	749.6	294.575	361.275	329.3	386.75	359	451.925	384.35	342.975	306.225	340.225	376.25	321.85	324.975	356.725	381.925	315.3	331.3	354.625	390.2	483.275	351.2	309.375	85.725	88.2	80.875	81.675	89.5	89.075	91.825	100.425	87.925	106.275	90.2	90.725	91.775	91	86.325	110.95	82.825	87.25	83.55	84.775	94.975	81.225	91.8	98.1	91.325	90.6	91.45	91.825	91.5	90.6	84.85	91.775	92.875	82.85	89.45	91.925	92.925	91.05	85.875	99.275	92.55	82.4	83.925	359.866	
155.95	67.6	115.2	404.25	175.8	120.725	165.575	195.375	134.35	730.125	155.075	210.275	139.75	158.95	98.025	816.05	172.275	148.825	119.475	770.325	123.075	180.875	248.075	115.925	133.625	593.325	336.375	101.55	90.6	113.25	587.275	173.725	76.15	60.575	561.7	127.425	306.575	298.775	116.075	468.7	155.875	236.4	94.3	80.85	109	82.425	118.825	71.175	77.475	112.575	82.825	96.975	68.35	117.95	69.725	115.65	85.5	115.65	114	70.3	124.55	83.625	70.7	82.35	78.45	78.05	125	79.7	68.35	78.075	103.5	103.875	114.55	94.075	77.275	105.075	88.6	67.525	110.85	136.65	97.4	117.2	106.675	78.85	78.825	240.435	

zna=	171	110	94	375	203	156	172	140	219	547	109	266	109	235	172	703	265	172	141	500	141	218	219	156	188	625	281	125	156	125	422	188	125	62	500	141	250	297	172	500	156	281	109	94	109	78	140	62	78	109	63	94	47	94	78	110	78	93	109	63	110	94	78	78	78	78	110	62	62	63	94	94	78	110	93	109	94	47	125	109	93	109	93	62	78	238.721	
  xrxr[i]= 112.339   xrxr[i]= 223.08   xrxr[i]= 85.8152 
otv=51.682
min=85.8152  m=2
--------------------------------------
bnbn=-60.6566	bnbn=-171.398	bnbn=137.497	
matrsred=	222.65	200.375	235.275	652.3	234.3	53.175	320.575	188.35	330.6	722.6	270.75	230.825	214.425	308.5	228.225	795.275	225.075	280.425	248.85	727.775	166.675	426.575	127.025	307.775	281.625	636.8	374.65	151.025	106.75	282.025	555.025	196.825	158.725	180.4	805.425	137.975	351.05	201.2	432.775	529.75	204.35	267.95	93.325	94.55	83.25	75.775	90.25	87.95	94.875	90.425	86.4	75.325	90.65	87	88.275	92.175	78.65	71.475	80.825	91.725	79.3	71.5	79.275	89.875	155.525	133.6	96.175	71.9	87.075	85.45	172	121.8	74.9	93.775	91.925	85.85	73.9	81.225	96.85	92.25	92.625	82.1	93.75	91.375	90.625	317.752	
379.775	351.1	353.875	386.375	360.5	297.25	323.9	346.05	352.75	431.7	346.8	320.025	321.375	344.55	347.225	411.775	357.375	361.775	392.95	749.6	294.575	361.275	329.3	386.75	359	451.925	384.35	342.975	306.225	340.225	376.25	321.85	324.975	356.725	381.925	315.3	331.3	354.625	390.2	483.275	351.2	309.375	85.725	88.2	80.875	81.675	89.5	89.075	91.825	100.425	87.925	106.275	90.2	90.725	91.775	91	86.325	110.95	82.825	87.25	83.55	84.775	94.975	81.225	91.8	98.1	91.325	90.6	91.45	91.825	91.5	90.6	84.85	91.775	92.875	82.85	89.45	91.925	92.925	91.05	85.875	99.275	92.55	82.4	83.925	359.866	
155.95	67.6	115.2	404.25	175.8	120.725	165.575	195.375	134.35	730.125	155.075	210.275	139.75	158.95	98.025	816.05	172.275	148.825	119.475	770.325	123.075	180.875	248.075	115.925	133.625	593.325	336.375	101.55	90.6	113.25	587.275	173.725	76.15	60.575	561.7	127.425	306.575	298.775	116.075	468.7	155.875	236.4	94.3	80.85	109	82.425	118.825	71.175	77.475	112.575	82.825	96.975	68.35	117.95	69.725	115.65	85.5	115.65	114	70.3	124.55	83.625	70.7	82.35	78.45	78.05	125	79.7	68.35	78.075	103.5	103.875	114.55	94.075	77.275	105.075	88.6	67.525	110.85	136.65	97.4	117.2	106.675	78.85	78.825	240.435	

zna=	141	109	125	406	282	140	110	140	156	532	250	250	109	203	188	656	281	235	125	718	141	156	203	188	187	500	328	110	125	234	578	172	78	157	562	188	250	265	172	344	187	266	94	93	94	109	141	78	94	125	63	94	78	125	78	125	94	109	109	78	171	93	78	78	78	94	109	78	63	79	78	94	125	94	94	94	109	63	125	156	78	109	109	63	62	246.721	
  xrxr[i]= 168.103   xrxr[i]= 278.844   xrxr[i]= 30.0508 
otv=107.446
min=30.0508  m=2
--------------------------------------
bnbn=-60.6566	bnbn=-171.398	bnbn=137.497	
matrsred=	222.65	200.375	235.275	652.3	234.3	53.175	320.575	188.35	330.6	722.6	270.75	230.825	214.425	308.5	228.225	795.275	225.075	280.425	248.85	727.775	166.675	426.575	127.025	307.775	281.625	636.8	374.65	151.025	106.75	282.025	555.025	196.825	158.725	180.4	805.425	137.975	351.05	201.2	432.775	529.75	204.35	267.95	93.325	94.55	83.25	75.775	90.25	87.95	94.875	90.425	86.4	75.325	90.65	87	88.275	92.175	78.65	71.475	80.825	91.725	79.3	71.5	79.275	89.875	155.525	133.6	96.175	71.9	87.075	85.45	172	121.8	74.9	93.775	91.925	85.85	73.9	81.225	96.85	92.25	92.625	82.1	93.75	91.375	90.625	317.752	
379.775	351.1	353.875	386.375	360.5	297.25	323.9	346.05	352.75	431.7	346.8	320.025	321.375	344.55	347.225	411.775	357.375	361.775	392.95	749.6	294.575	361.275	329.3	386.75	359	451.925	384.35	342.975	306.225	340.225	376.25	321.85	324.975	356.725	381.925	315.3	331.3	354.625	390.2	483.275	351.2	309.375	85.725	88.2	80.875	81.675	89.5	89.075	91.825	100.425	87.925	106.275	90.2	90.725	91.775	91	86.325	110.95	82.825	87.25	83.55	84.775	94.975	81.225	91.8	98.1	91.325	90.6	91.45	91.825	91.5	90.6	84.85	91.775	92.875	82.85	89.45	91.925	92.925	91.05	85.875	99.275	92.55	82.4	83.925	359.866	
155.95	67.6	115.2	404.25	175.8	120.725	165.575	195.375	134.35	730.125	155.075	210.275	139.75	158.95	98.025	816.05	172.275	148.825	119.475	770.325	123.075	180.875	248.075	115.925	133.625	593.325	336.375	101.55	90.6	113.25	587.275	173.725	76.15	60.575	561.7	127.425	306.575	298.775	116.075	468.7	155.875	236.4	94.3	80.85	109	82.425	118.825	71.175	77.475	112.575	82.825	96.975	68.35	117.95	69.725	115.65	85.5	115.65	114	70.3	124.55	83.625	70.7	82.35	78.45	78.05	125	79.7	68.35	78.075	103.5	103.875	114.55	94.075	77.275	105.075	88.6	67.525	110.85	136.65	97.4	117.2	106.675	78.85	78.825	240.435	

zna=	141	109	141	172	172	203	125	234	78	219	406	203	250	266	156	469	109	94	203	188	219	234	156	156	94	219	109	235	125	172	234	203	109	110	594	140	422	453	281	422	157	375	110	141	172	109	125	93	140	140	110	110	94	125	157	125	141	78	78	125	188	94	125	93	109	156	141	110	141	141	187	172	109	141	109	172	109	125	110	109	219	94	157	140	140	216.209	
  xrxr[i]= 188.262   xrxr[i]= 77.5207   xrxr[i]= 386.416 
otv=-248.919
min=77.5207  m=1
--------------------------------------
bnbn=-60.6566	bnbn=-171.398	bnbn=137.497	
matrsred=	222.65	200.375	235.275	652.3	234.3	53.175	320.575	188.35	330.6	722.6	270.75	230.825	214.425	308.5	228.225	795.275	225.075	280.425	248.85	727.775	166.675	426.575	127.025	307.775	281.625	636.8	374.65	151.025	106.75	282.025	555.025	196.825	158.725	180.4	805.425	137.975	351.05	201.2	432.775	529.75	204.35	267.95	93.325	94.55	83.25	75.775	90.25	87.95	94.875	90.425	86.4	75.325	90.65	87	88.275	92.175	78.65	71.475	80.825	91.725	79.3	71.5	79.275	89.875	155.525	133.6	96.175	71.9	87.075	85.45	172	121.8	74.9	93.775	91.925	85.85	73.9	81.225	96.85	92.25	92.625	82.1	93.75	91.375	90.625	317.752	
379.775	351.1	353.875	386.375	360.5	297.25	323.9	346.05	352.75	431.7	346.8	320.025	321.375	344.55	347.225	411.775	357.375	361.775	392.95	749.6	294.575	361.275	329.3	386.75	359	451.925	384.35	342.975	306.225	340.225	376.25	321.85	324.975	356.725	381.925	315.3	331.3	354.625	390.2	483.275	351.2	309.375	85.725	88.2	80.875	81.675	89.5	89.075	91.825	100.425	87.925	106.275	90.2	90.725	91.775	91	86.325	110.95	82.825	87.25	83.55	84.775	94.975	81.225	91.8	98.1	91.325	90.6	91.45	91.825	91.5	90.6	84.85	91.775	92.875	82.85	89.45	91.925	92.925	91.05	85.875	99.275	92.55	82.4	83.925	359.866	
155.95	67.6	115.2	404.25	175.8	120.725	165.575	195.375	134.35	730.125	155.075	210.275	139.75	158.95	98.025	816.05	172.275	148.825	119.475	770.325	123.075	180.875	248.075	115.925	133.625	593.325	336.375	101.55	90.6	113.25	587.275	173.725	76.15	60.575	561.7	127.425	306.575	298.775	116.075	468.7	155.875	236.4	94.3	80.85	109	82.425	118.825	71.175	77.475	112.575	82.825	96.975	68.35	117.95	69.725	115.65	85.5	115.65	114	70.3	124.55	83.625	70.7	82.35	78.45	78.05	125	79.7	68.35	78.075	103.5	103.875	114.55	94.075	77.275	105.075	88.6	67.525	110.85	136.65	97.4	117.2	106.675	78.85	78.825	240.435	

zna=	172	62	172	297	172	141	93	110	125	734	125	234	110	156	141	593	188	94	93	547	125	188	219	93	141	391	265	94	109	125	203	141	109	94	547	125	250	234	141	141	281	234	94	94	125	78	109	78	78	110	78	93	63	125	63	94	78	93	110	62	93	94	63	78	78	93	125	94	62	78	78	94	78	94	109	110	78	63	109	109	79	94	125	62	63	201.674	
  xrxr[i]= 126.255   xrxr[i]= 236.996   xrxr[i]= 71.8993 
otv=65.5979
min=71.8993  m=2
--------------------------------------
bnbn=-60.6566	bnbn=-171.398	bnbn=137.497	
matrsred=	222.65	200.375	235.275	652.3	234.3	53.175	320.575	188.35	330.6	722.6	270.75	230.825	214.425	308.5	228.225	795.275	225.075	280.425	248.85	727.775	166.675	426.575	127.025	307.775	281.625	636.8	374.65	151.025	106.75	282.025	555.025	196.825	158.725	180.4	805.425	137.975	351.05	201.2	432.775	529.75	204.35	267.95	93.325	94.55	83.25	75.775	90.25	87.95	94.875	90.425	86.4	75.325	90.65	87	88.275	92.175	78.65	71.475	80.825	91.725	79.3	71.5	79.275	89.875	155.525	133.6	96.175	71.9	87.075	85.45	172	121.8	74.9	93.775	91.925	85.85	73.9	81.225	96.85	92.25	92.625	82.1	93.75	91.375	90.625	317.752	
379.775	351.1	353.875	386.375	360.5	297.25	323.9	346.05	352.75	431.7	346.8	320.025	321.375	344.55	347.225	411.775	357.375	361.775	392.95	749.6	294.575	361.275	329.3	386.75	359	451.925	384.35	342.975	306.225	340.225	376.25	321.85	324.975	356.725	381.925	315.3	331.3	354.625	390.2	483.275	351.2	309.375	85.725	88.2	80.875	81.675	89.5	89.075	91.825	100.425	87.925	106.275	90.2	90.725	91.775	91	86.325	110.95	82.825	87.25	83.55	84.775	94.975	81.225	91.8	98.1	91.325	90.6	91.45	91.825	91.5	90.6	84.85	91.775	92.875	82.85	89.45	91.925	92.925	91.05	85.875	99.275	92.55	82.4	83.925	359.866	
155.95	67.6	115.2	404.25	175.8	120.725	165.575	195.375	134.35	730.125	155.075	210.275	139.75	158.95	98.025	816.05	172.275	148.825	119.475	770.325	123.075	180.875	248.075	115.925	133.625	593.325	336.375	101.55	90.6	113.25	587.275	173.725	76.15	60.575	561.7	127.425	306.575	298.775	116.075	468.7	155.875	236.4	94.3	80.85	109	82.425	118.825	71.175	77.475	112.575	82.825	96.975	68.35	117.95	69.725	115.65	85.5	115.65	114	70.3	124.55	83.625	70.7	82.35	78.45	78.05	125	79.7	68.35	78.075	103.5	103.875	114.55	94.075	77.275	105.075	88.6	67.525	110.85	136.65	97.4	117.2	106.675	78.85	78.825	240.435	

bnbn=-60.6566	bnbn=-171.398	bnbn=137.497	
matrsred=	222.65	200.375	235.275	652.3	234.3	53.175	320.575	188.35	330.6	722.6	270.75	230.825	214.425	308.5	228.225	795.275	225.075	280.425	248.85	727.775	166.675	426.575	127.025	307.775	281.625	636.8	374.65	151.025	106.75	282.025	555.025	196.825	158.725	180.4	805.425	137.975	351.05	201.2	432.775	529.75	204.35	267.95	93.325	94.55	83.25	75.775	90.25	87.95	94.875	90.425	86.4	75.325	90.65	87	88.275	92.175	78.65	71.475	80.825	91.725	79.3	71.5	79.275	89.875	155.525	133.6	96.175	71.9	87.075	85.45	172	121.8	74.9	93.775	91.925	85.85	73.9	81.225	96.85	92.25	92.625	82.1	93.75	91.375	90.625	317.752	
379.775	351.1	353.875	386.375	360.5	297.25	323.9	346.05	352.75	431.7	346.8	320.025	321.375	344.55	347.225	411.775	357.375	361.775	392.95	749.6	294.575	361.275	329.3	386.75	359	451.925	384.35	342.975	306.225	340.225	376.25	321.85	324.975	356.725	381.925	315.3	331.3	354.625	390.2	483.275	351.2	309.375	85.725	88.2	80.875	81.675	89.5	89.075	91.825	100.425	87.925	106.275	90.2	90.725	91.775	91	86.325	110.95	82.825	87.25	83.55	84.775	94.975	81.225	91.8	98.1	91.325	90.6	91.45	91.825	91.5	90.6	84.85	91.775	92.875	82.85	89.45	91.925	92.925	91.05	85.875	99.275	92.55	82.4	83.925	359.866	
155.95	67.6	115.2	404.25	175.8	120.725	165.575	195.375	134.35	730.125	155.075	210.275	139.75	158.95	98.025	816.05	172.275	148.825	119.475	770.325	123.075	180.875	248.075	115.925	133.625	593.325	336.375	101.55	90.6	113.25	587.275	173.725	76.15	60.575	561.7	127.425	306.575	298.775	116.075	468.7	155.875	236.4	94.3	80.85	109	82.425	118.825	71.175	77.475	112.575	82.825	96.975	68.35	117.95	69.725	115.65	85.5	115.65	114	70.3	124.55	83.625	70.7	82.35	78.45	78.05	125	79.7	68.35	78.075	103.5	103.875	114.55	94.075	77.275	105.075	88.6	67.525	110.85	136.65	97.4	117.2	106.675	78.85	78.825	240.435	

zna=	328	360	390	422	313	281	328	422	297	312	375	391	422	453	375	344	312	313	265	766	297	344	312	328	313	375	281	375	281	313	406	297	312	329	296	297	344	328	344	594	328	297	94	110	78	94	78	94	94	110	78	109	94	94	94	94	94	109	78	94	78	94	109	94	93	110	94	94	78	94	94	94	94	94	78	79	93	94	94	94	94	78	93	78	78	347.395	
  xrxr[i]= 102.63   xrxr[i]= 8.11168   xrxr[i]= 300.783 
otv=-163.286
min=8.11168  m=1
--------------------------------------
bnbn=-60.6566	bnbn=-171.398	bnbn=137.497	
matrsred=	222.65	200.375	235.275	652.3	234.3	53.175	320.575	188.35	330.6	722.6	270.75	230.825	214.425	308.5	228.225	795.275	225.075	280.425	248.85	727.775	166.675	426.575	127.025	307.775	281.625	636.8	374.65	151.025	106.75	282.025	555.025	196.825	158.725	180.4	805.425	137.975	351.05	201.2	432.775	529.75	204.35	267.95	93.325	94.55	83.25	75.775	90.25	87.95	94.875	90.425	86.4	75.325	90.65	87	88.275	92.175	78.65	71.475	80.825	91.725	79.3	71.5	79.275	89.875	155.525	133.6	96.175	71.9	87.075	85.45	172	121.8	74.9	93.775	91.925	85.85	73.9	81.225	96.85	92.25	92.625	82.1	93.75	91.375	90.625	317.752	
379.775	351.1	353.875	386.375	360.5	297.25	323.9	346.05	352.75	431.7	346.8	320.025	321.375	344.55	347.225	411.775	357.375	361.775	392.95	749.6	294.575	361.275	329.3	386.75	359	451.925	384.35	342.975	306.225	340.225	376.25	321.85	324.975	356.725	381.925	315.3	331.3	354.625	390.2	483.275	351.2	309.375	85.725	88.2	80.875	81.675	89.5	89.075	91.825	100.425	87.925	106.275	90.2	90.725	91.775	91	86.325	110.95	82.825	87.25	83.55	84.775	94.975	81.225	91.8	98.1	91.325	90.6	91.45	91.825	91.5	90.6	84.85	91.775	92.875	82.85	89.45	91.925	92.925	91.05	85.875	99.275	92.55	82.4	83.925	359.866	
155.95	67.6	115.2	404.25	175.8	120.725	165.575	195.375	134.35	730.125	155.075	210.275	139.75	158.95	98.025	816.05	172.275	148.825	119.475	770.325	123.075	180.875	248.075	115.925	133.625	593.325	336.375	101.55	90.6	113.25	587.275	173.725	76.15	60.575	561.7	127.425	306.575	298.775	116.075	468.7	155.875	236.4	94.3	80.85	109	82.425	118.825	71.175	77.475	112.575	82.825	96.975	68.35	117.95	69.725	115.65	85.5	115.65	114	70.3	124.55	83.625	70.7	82.35	78.45	78.05	125	79.7	68.35	78.075	103.5	103.875	114.55	94.075	77.275	105.075	88.6	67.525	110.85	136.65	97.4	117.2	106.675	78.85	78.825	240.435	

zna=	141	94	47	765	110	62	625	94	109	516	94	343	110	156	125	703	203	141	125	734	141	187	282	171	110	453	391	93	125	94	250	141	78	62	578	125	235	219	125	375	171	125	78	94	78	109	110	109	125	63	94	110	78	109	63	109	62	109	109	78	109	78	94	109	94	93	110	78	94	93	78	78	94	94	93	78	78	79	125	140	93	93	125	79	125	231.465	
  xrxr[i]= 114.1   xrxr[i]= 224.841   xrxr[i]= 84.0537 
otv=53.4436
min=84.0537  m=2
--------------------------------------
zna=	172	62	78	641	187	78	235	109	110	734	94	218	157	172	125	218	203	125	125	1032	172	187	438	93	110	531	406	172	109	110	265	172	78	32	218	141	250	438	125	328	187	203	109	93	78	94	78	141	125	94	78	109	78	93	79	109	78	93	94	94	94	79	93	62	94	78	110	78	62	78	78	110	94	94	78	94	78	94	94	156	78	109	140	78	110	226.744	
  xrxr[i]= 63.8495   xrxr[i]= 174.591   xrxr[i]= 134.304 
otv=3.19291
min=63.8495  m=0
--------------------------------------
zna=	140	63	125	328	312	141	203	219	125	609	141	172	140	157	109	609	219	94	78	469	125	187	188	109	110	562	438	125	93	125	328	157	78	31	609	110	219	203	125	531	297	94	78	94	78	94	94	188	125	110	78	94	78	94	78	94	78	109	110	63	109	78	62	78	94	78	110	78	78	93	78	78	94	63	78	78	109	79	94	109	93	140	94	78	78	218.023	
  xrxr[i]= 213.883   xrxr[i]= 324.624   xrxr[i]= 15.7288 
otv=153.226
min=15.7288  m=2
--------------------------------------
zna=	188	47	62	516	172	78	140	110	125	859	125	219	172	172	109	594	203	125	78	1047	140	172	250	110	78	562	594	141	78	140	297	157	93	47	563	125	218	282	187	360	125	125	110	78	78	109	109	125	125	110	156	93	63	94	78	78	78	94	125	62	94	94	62	63	78	78	78	78	78	94	62	78	125	78	93	94	94	62	109	172	78	94	93	62	125	235.116	
  xrxr[i]= 180.481   xrxr[i]= 291.222   xrxr[i]= 17.6728 
otv=119.825
min=17.6728  m=2
--------------------------------------
zna=	140	94	109	610	172	78	156	109	125	547	94	234	172	157	187	625	172	125	94	390	141	172	187	110	109	578	375	110	125	125	281	172	62	63	484	109	204	250	125	312	156	188	78	94	94	94	78	125	94	109	125	94	63	94	94	78	93	109	94	62	109	93	78	62	109	94	109	94	78	78	93	78	125	109	93	94	93	63	110	156	78	140	125	78	109	207.837	
  xrxr[i]= 154.064   xrxr[i]= 264.805   xrxr[i]= 44.09 
otv=93.4073
min=44.09  m=2
--------------------------------------
zna=	156	63	94	250	156	94	140	94	109	563	94	203	125	156	109	610	203	140	63	516	125	171	188	141	78	547	390	172	78	125	235	140	78	63	515	219	266	203	125	359	141	219	78	78	78	93	125	156	109	94	94	110	62	109	78	109	62	94	140	78	110	78	78	78	94	78	93	62	78	94	63	78	94	78	78	78	94	79	110	156	94	94	110	62	78	199.86	
  xrxr[i]= 164.187   xrxr[i]= 274.928   xrxr[i]= 33.9673 
otv=103.53
min=33.9673  m=2
--------------------------------------
zna=	156	78	63	281	125	94	219	109	125	703	109	250	125	157	125	750	109	141	93	891	141	187	406	94	110	593	282	78	109	125	219	172	93	47	469	141	297	156	109	219	234	219	94	78	78	94	109	141	156	125	78	94	78	110	79	110	78	109	93	78	109	63	63	93	78	79	110	78	78	93	93	94	125	125	109	79	94	63	125	125	125	141	141	78	78	215.837	
  xrxr[i]= 179.898   xrxr[i]= 290.639   xrxr[i]= 18.256 
otv=119.241
min=18.256  m=2
--------------------------------------
bnbn=77.9642	bnbn=179.074	bnbn=265.715	bnbn=0	
matrsred=	222.65	200.375	235.275	652.3	234.3	53.175	320.575	188.35	330.6	722.6	270.75	230.825	214.425	308.5	228.225	795.275	225.075	280.425	248.85	727.775	166.675	426.575	127.025	307.775	281.625	636.8	374.65	151.025	106.75	282.025	555.025	196.825	158.725	180.4	805.425	137.975	351.05	201.2	432.775	529.75	204.35	267.95	93.325	94.55	83.25	75.775	90.25	87.95	94.875	90.425	86.4	75.325	90.65	87	88.275	92.175	78.65	71.475	80.825	91.725	79.3	71.5	79.275	89.875	155.525	133.6	96.175	71.9	87.075	85.45	172	121.8	74.9	93.775	91.925	85.85	73.9	81.225	96.85	92.25	92.625	82.1	93.75	91.375	90.625	317.752	
379.775	351.1	353.875	386.375	360.5	297.25	323.9	346.05	352.75	431.7	346.8	320.025	321.375	344.55	347.225	411.775	357.375	361.775	392.95	749.6	294.575	361.275	329.3	386.75	359	451.925	384.35	342.975	306.225	340.225	376.25	321.85	324.975	356.725	381.925	315.3	331.3	354.625	390.2	483.275	351.2	309.375	85.725	88.2	80.875	81.675	89.5	89.075	91.825	100.425	87.925	106.275	90.2	90.725	91.775	91	86.325	110.95	82.825	87.25	83.55	84.775	94.975	81.225	91.8	98.1	91.325	90.6	91.45	91.825	91.5	90.6	84.85	91.775	92.875	82.85	89.45	91.925	92.925	91.05	85.875	99.275	92.55	82.4	83.925	359.866	
155.95	67.6	115.2	404.25	175.8	120.725	165.575	195.375	134.35	730.125	155.075	210.275	139.75	158.95	98.025	816.05	172.275	148.825	119.475	770.325	123.075	180.875	248.075	115.925	133.625	593.325	336.375	101.55	90.6	113.25	587.275	173.725	76.15	60.575	561.7	127.425	306.575	298.775	116.075	468.7	155.875	236.4	94.3	80.85	109	82.425	118.825	71.175	77.475	112.575	82.825	96.975	68.35	117.95	69.725	115.65	85.5	115.65	114	70.3	124.55	83.625	70.7	82.35	78.45	78.05	125	79.7	68.35	78.075	103.5	103.875	114.55	94.075	77.275	105.075	88.6	67.525	110.85	136.65	97.4	117.2	106.675	78.85	78.825	240.435	
0	0	0	0	0	0	0	0	0	0	0	0	0	0	0	0	0	0	0	0	0	0	0	0	0	0	0	0	0	0	0	0	0	0	0	0	0	0	0	0	0	0	0	0	0	0	0	0	0	0	0	0	0	0	0	0	0	0	0	0	0	0	0	0	0	0	0	0	0	0	0	0	0	0	0	0	0	0	0	0	0	0	0	0	0	0	

zna=	141	109	47	578	109	63	172	94	109	516	171	235	109	141	125	656	188	109	62	454	125	187	188	109	78	484	313	125	94	140	141	156	94	47	515	157	203	187	110	218	250	141	94	93	78	94	125	110	109	109	78	109	78	141	62	125	94	125	125	62	109	79	78	93	94	93	94	94	79	78	94	109	63	109	94	78	78	79	93	125	78	109	125	63	125	194.767	
  xrxr[i]= 126.472   xrxr[i]= 25.362   xrxr[i]= 61.2788   xrxr[i]= 204.436 
otv=204.436
min=25.362  m=1
--------------------------------------
zna=	157	15	125	360	234	78	141	94	109	547	125	125	156	109	94	547	203	125	63	343	125	172	250	157	93	532	406	109	94	109	282	156	62	47	297	141	328	172	125	297	281	94	94	93	110	110	109	125	141	109	125	109	78	94	78	125	63	110	125	78	94	93	79	94	94	110	109	94	62	78	78	78	94	78	78	78	94	78	125	109	78	93	125	78	109	190.419	
  xrxr[i]= 120.398   xrxr[i]= 19.2877   xrxr[i]= 67.353   xrxr[i]= 198.362 
otv=198.362
min=19.2877  m=1
--------------------------------------
zna=	188	78	94	265	141	94	203	156	141	547	109	125	141	109	94	1812	141	125	62	1000	141	203	219	125	141	406	359	110	93	94	172	156	94	47	187	157	234	219	109	391	125	140	94	94	109	94	110	125	109	141	172	94	78	94	78	125	63	109	94	78	109	94	94	94	94	78	94	78	78	78	78	110	78	109	94	62	78	78	109	141	78	78	109	62	110	224.581	
  xrxr[i]= 179.337   xrxr[i]= 78.2271   xrxr[i]= 8.41362   xrxr[i]= 257.302 
otv=257.302
min=8.41362  m=2
--------------------------------------
zna=	157	46	94	250	156	79	140	78	110	484	78	110	156	78	94	547	187	109	79	421	125	188	250	125	94	797	296	94	94	109	188	172	78	31	422	94	234	266	140	375	125	141	78	78	94	78	125	110	109	110	94	109	63	94	78	109	78	109	140	63	125	93	79	94	94	94	125	109	62	79	78	94	110	109	93	78	94	62	109	141	93	110	94	63	125	186.419	
  xrxr[i]= 163.477   xrxr[i]= 62.3663   xrxr[i]= 24.2744   xrxr[i]= 241.441 
otv=241.441
min=24.2744  m=2
--------------------------------------
zna=	172	47	93	188	141	78	156	94	125	500	109	94	140	125	94	547	203	110	46	375	141	156	219	125	78	453	407	125	78	109	172	172	94	31	484	78	235	297	109	375	141	156	94	78	93	94	94	125	156	109	93	93	78	78	78	110	63	110	125	63	93	94	79	94	110	78	109	78	78	78	78	78	94	109	94	62	94	63	110	140	78	109	109	62	109	180.953	
  xrxr[i]= 139.864   xrxr[i]= 38.7537   xrxr[i]= 47.887   xrxr[i]= 217.828 
otv=217.828
min=38.7537  m=1
--------------------------------------
zna=	141	109	31	454	109	78	156	94	125	516	78	125	125	125	109	438	187	110	78	1078	125	203	250	125	78	594	297	93	110	94	187	172	78	47	500	78	234	344	110	328	140	203	110	109	78	125	156	109	141	125	94	109	62	109	62	125	78	94	109	63	93	78	62	94	78	78	109	94	78	93	94	94	93	109	94	63	94	62	109	94	63	93	125	63	110	203.86	
  xrxr[i]= 182.032   xrxr[i]= 80.9221   xrxr[i]= 5.71862   xrxr[i]= 259.997 
otv=259.997
min=5.71862  m=2
--------------------------------------
bnbn=77.9642	bnbn=179.074	bnbn=265.715	bnbn=0	
matrsred=	222.65	200.375	235.275	652.3	234.3	53.175	320.575	188.35	330.6	722.6	270.75	230.825	214.425	308.5	228.225	795.275	225.075	280.425	248.85	727.775	166.675	426.575	127.025	307.775	281.625	636.8	374.65	151.025	106.75	282.025	555.025	196.825	158.725	180.4	805.425	137.975	351.05	201.2	432.775	529.75	204.35	267.95	93.325	94.55	83.25	75.775	90.25	87.95	94.875	90.425	86.4	75.325	90.65	87	88.275	92.175	78.65	71.475	80.825	91.725	79.3	71.5	79.275	89.875	155.525	133.6	96.175	71.9	87.075	85.45	172	121.8	74.9	93.775	91.925	85.85	73.9	81.225	96.85	92.25	92.625	82.1	93.75	91.375	90.625	317.752	
379.775	351.1	353.875	386.375	360.5	297.25	323.9	346.05	352.75	431.7	346.8	320.025	321.375	344.55	347.225	411.775	357.375	361.775	392.95	749.6	294.575	361.275	329.3	386.75	359	451.925	384.35	342.975	306.225	340.225	376.25	321.85	324.975	356.725	381.925	315.3	331.3	354.625	390.2	483.275	351.2	309.375	85.725	88.2	80.875	81.675	89.5	89.075	91.825	100.425	87.925	106.275	90.2	90.725	91.775	91	86.325	110.95	82.825	87.25	83.55	84.775	94.975	81.225	91.8	98.1	91.325	90.6	91.45	91.825	91.5	90.6	84.85	91.775	92.875	82.85	89.45	91.925	92.925	91.05	85.875	99.275	92.55	82.4	83.925	359.866	
155.95	67.6	115.2	404.25	175.8	120.725	165.575	195.375	134.35	730.125	155.075	210.275	139.75	158.95	98.025	816.05	172.275	148.825	119.475	770.325	123.075	180.875	248.075	115.925	133.625	593.325	336.375	101.55	90.6	113.25	587.275	173.725	76.15	60.575	561.7	127.425	306.575	298.775	116.075	468.7	155.875	236.4	94.3	80.85	109	82.425	118.825	71.175	77.475	112.575	82.825	96.975	68.35	117.95	69.725	115.65	85.5	115.65	114	70.3	124.55	83.625	70.7	82.35	78.45	78.05	125	79.7	68.35	78.075	103.5	103.875	114.55	94.075	77.275	105.075	88.6	67.525	110.85	136.65	97.4	117.2	106.675	78.85	78.825	240.435	
0	0	0	0	0	0	0	0	0	0	0	0	0	0	0	0	0	0	0	0	0	0	0	0	0	0	0	0	0	0	0	0	0	0	0	0	0	0	0	0	0	0	0	0	0	0	0	0	0	0	0	0	0	0	0	0	0	0	0	0	0	0	0	0	0	0	0	0	0	0	0	0	0	0	0	0	0	0	0	0	0	0	0	0	0	0	

zna=	141	109	32	875	140	94	234	141	125	672	125	297	109	156	125	625	219	78	94	234	141	203	219	125	94	765	406	94	141	94	218	157	78	47	546	110	234	281	110	281	250	266	78	109	94	125	109	125	109	110	94	109	78	109	78	125	78	110	110	78	110	94	78	94	94	78	109	78	78	79	78	94	93	110	93	93	93	79	94	141	79	125	125	78	62	222.023	
  xrxr[i]= 151.972   xrxr[i]= 50.8618   xrxr[i]= 35.779   xrxr[i]= 229.936 
otv=229.936
min=35.779  m=2
--------------------------------------
bnbn=77.9642	bnbn=179.074	bnbn=265.715	bnbn=0	
matrsred=	222.65	200.375	235.275	652.3	234.3	53.175	320.575	188.35	330.6	722.6	270.75	230.825	214.425	308.5	228.225	795.275	225.075	280.425	248.85	727.775	166.675	426.575	127.025	307.775	281.625	636.8	374.65	151.025	106.75	282.025	555.025	196.825	158.725	180.4	805.425	137.975	351.05	201.2	432.775	529.75	204.35	267.95	93.325	94.55	83.25	75.775	90.25	87.95	94.875	90.425	86.4	75.325	90.65	87	88.275	92.175	78.65	71.475	80.825	91.725	79.3	71.5	79.275	89.875	155.525	133.6	96.175	71.9	87.075	85.45	172	121.8	74.9	93.775	91.925	85.85	73.9	81.225	96.85	92.25	92.625	82.1	93.75	91.375	90.625	317.752	
379.775	351.1	353.875	386.375	360.5	297.25	323.9	346.05	352.75	431.7	346.8	320.025	321.375	344.55	347.225	411.775	357.375	361.775	392.95	749.6	294.575	361.275	329.3	386.75	359	451.925	384.35	342.975	306.225	340.225	376.25	321.85	324.975	356.725	381.925	315.3	331.3	354.625	390.2	483.275	351.2	309.375	85.725	88.2	80.875	81.675	89.5	89.075	91.825	100.425	87.925	106.275	90.2	90.725	91.775	91	86.325	110.95	82.825	87.25	83.55	84.775	94.975	81.225	91.8	98.1	91.325	90.6	91.45	91.825	91.5	90.6	84.85	91.775	92.875	82.85	89.45	91.925	92.925	91.05	85.875	99.275	92.55	82.4	83.925	359.866	
155.95	67.6	115.2	404.25	175.8	120.725	165.575	195.375	134.35	730.125	155.075	210.275	139.75	158.95	98.025	816.05	172.275	148.825	119.475	770.325	123.075	180.875	248.075	115.925	133.625	593.325	336.375	101.55	90.6	113.25	587.275	173.725	76.15	60.575	561.7	127.425	306.575	298.775	116.075	468.7	155.875	236.4	94.3	80.85	109	82.425	118.825	71.175	77.475	112.575	82.825	96.975	68.35	117.95	69.725	115.65	85.5	115.65	114	70.3	124.55	83.625	70.7	82.35	78.45	78.05	125	79.7	68.35	78.075	103.5	103.875	114.55	94.075	77.275	105.075	88.6	67.525	110.85	136.65	97.4	117.2	106.675	78.85	78.825	240.435	
0	0	0	0	0	0	0	0	0	0	0	0	0	0	0	0	0	0	0	0	0	0	0	0	0	0	0	0	0	0	0	0	0	0	0	0	0	0	0	0	0	0	0	0	0	0	0	0	0	0	0	0	0	0	0	0	0	0	0	0	0	0	0	0	0	0	0	0	0	0	0	0	0	0	0	0	0	0	0	0	0	0	0	0	0	0	

zna=	156	141	62	281	157	78	109	94	125	437	110	125	140	94	94	625	375	125	125	422	156	203	328	172	94	484	375	125	94	125	219	156	78	78	672	141	328	234	172	860	109	141	94	109	93	94	125	109	109	110	141	125	63	78	78	125	78	109	125	62	109	78	94	94	63	94	78	94	63	94	110	109	109	109	94	94	78	63	109	109	110	94	78	78	109	216.93	
  xrxr[i]= 85.0996   xrxr[i]= 16.0107   xrxr[i]= 102.651   xrxr[i]= 163.064 
otv=163.064
min=16.0107  m=1
--------------------------------------
zna=	172	94	94	1562	172	63	172	78	156	578	141	109	141	109	94	469	140	141	109	250	110	203	297	140	78	688	390	79	140	125	938	172	93	47	641	140	204	265	156	454	109	266	94	94	78	94	94	110	125	109	93	109	78	78	78	125	109	109	109	78	109	94	47	109	140	93	94	110	78	94	109	94	94	93	93	78	110	78	79	125	78	94	93	94	78	247.837	
  xrxr[i]= 97.5668   xrxr[i]= 3.54342   xrxr[i]= 90.1842   xrxr[i]= 175.531 
otv=175.531
min=3.54342  m=1
--------------------------------------
zna=	156	78	62	313	344	78	156	78	125	891	109	156	141	125	141	640	172	141	47	718	125	172	235	125	93	422	328	125	110	172	218	172	63	47	422	46	204	187	125	422	156	235	109	94	94	63	94	125	140	94	94	78	78	94	63	94	109	109	125	78	94	109	63	79	110	93	109	79	63	94	79	94	109	94	78	78	78	62	79	140	94	94	109	78	78	208.209	
  xrxr[i]= 128.044   xrxr[i]= 26.9335   xrxr[i]= 59.7073   xrxr[i]= 206.008 
otv=206.008
min=26.9335  m=1
--------------------------------------
zna=	157	62	78	1344	406	344	359	282	765	1453	500	125	141	109	110	859	109	94	78	610	125	172	171	63	125	812	594	766	234	391	875	453	297	187	641	531	844	500	859	703	579	640	94	93	94	125	141	94	109	141	93	94	94	110	78	125	78	125	78	63	125	94	78	93	109	79	125	94	125	94	109	94	140	78	94	125	94	78	156	203	141	125	188	109	78	433.14	
  xrxr[i]= 234.507   xrxr[i]= 133.397   xrxr[i]= 46.756   xrxr[i]= 312.471 
otv=312.471
min=46.756  m=2
--------------------------------------
bnbn=77.9642	bnbn=179.074	bnbn=265.715	bnbn=0	
matrsred=	222.65	200.375	235.275	652.3	234.3	53.175	320.575	188.35	330.6	722.6	270.75	230.825	214.425	308.5	228.225	795.275	225.075	280.425	248.85	727.775	166.675	426.575	127.025	307.775	281.625	636.8	374.65	151.025	106.75	282.025	555.025	196.825	158.725	180.4	805.425	137.975	351.05	201.2	432.775	529.75	204.35	267.95	93.325	94.55	83.25	75.775	90.25	87.95	94.875	90.425	86.4	75.325	90.65	87	88.275	92.175	78.65	71.475	80.825	91.725	79.3	71.5	79.275	89.875	155.525	133.6	96.175	71.9	87.075	85.45	172	121.8	74.9	93.775	91.925	85.85	73.9	81.225	96.85	92.25	92.625	82.1	93.75	91.375	90.625	317.752	
379.775	351.1	353.875	386.375	360.5	297.25	323.9	346.05	352.75	431.7	346.8	320.025	321.375	344.55	347.225	411.775	357.375	361.775	392.95	749.6	294.575	361.275	329.3	386.75	359	451.925	384.35	342.975	306.225	340.225	376.25	321.85	324.975	356.725	381.925	315.3	331.3	354.625	390.2	483.275	351.2	309.375	85.725	88.2	80.875	81.675	89.5	89.075	91.825	100.425	87.925	106.275	90.2	90.725	91.775	91	86.325	110.95	82.825	87.25	83.55	84.775	94.975	81.225	91.8	98.1	91.325	90.6	91.45	91.825	91.5	90.6	84.85	91.775	92.875	82.85	89.45	91.925	92.925	91.05	85.875	99.275	92.55	82.4	83.925	359.866	
155.95	67.6	115.2	404.25	175.8	120.725	165.575	195.375	134.35	730.125	155.075	210.275	139.75	158.95	98.025	816.05	172.275	148.825	119.475	770.325	123.075	180.875	248.075	115.925	133.625	593.325	336.375	101.55	90.6	113.25	587.275	173.725	76.15	60.575	561.7	127.425	306.575	298.775	116.075	468.7	155.875	236.4	94.3	80.85	109	82.425	118.825	71.175	77.475	112.575	82.825	96.975	68.35	117.95	69.725	115.65	85.5	115.65	114	70.3	124.55	83.625	70.7	82.35	78.45	78.05	125	79.7	68.35	78.075	103.5	103.875	114.55	94.075	77.275	105.075	88.6	67.525	110.85	136.65	97.4	117.2	106.675	78.85	78.825	240.435	
0	0	0	0	0	0	0	0	0	0	0	0	0	0	0	0	0	0	0	0	0	0	0	0	0	0	0	0	0	0	0	0	0	0	0	0	0	0	0	0	0	0	0	0	0	0	0	0	0	0	0	0	0	0	0	0	0	0	0	0	0	0	0	0	0	0	0	0	0	0	0	0	0	0	0	0	0	0	0	0	0	0	0	0	0	0	

zna=	156	47	78	203	125	78	109	110	109	703	125	157	187	172	78	297	141	140	94	281	156	172	188	125	78	187	485	531	94	125	750	156	94	234	735	218	516	344	140	313	140	235	78	78	93	109	125	125	109	94	94	110	94	110	140	109	94	109	94	78	94	94	78	79	110	125	94	78	110	94	94	94	94	78	78	94	78	78	94	94	78	94	109	79	62	220.186	
  xrxr[i]= 74.0534   xrxr[i]= 27.0568   xrxr[i]= 113.698   xrxr[i]= 152.018 
otv=152.018
min=27.0568  m=1
--------------------------------------
zna=	172	78	109	219	109	94	110	125	109	531	110	156	140	141	109	641	188	140	94	375	156	172	203	141	62	391	312	110	109	110	203	156	62	32	203	187	266	484	188	500	109	235	94	94	109	78	125	141	125	125	78	109	78	109	78	110	78	110	109	78	94	78	78	63	94	94	109	94	78	79	78	94	93	78	78	94	93	94	110	109	63	94	94	94	78	191.14	
  xrxr[i]= 127.736   xrxr[i]= 26.6253   xrxr[i]= 60.0154   xrxr[i]= 205.7 
otv=205.7
min=26.6253  m=1
--------------------------------------
zna=	156	79	93	203	157	78	78	141	125	640	110	156	140	157	78	469	156	140	94	625	141	172	187	125	63	562	313	125	109	125	297	156	63	78	578	141	218	282	187	281	172	250	94	94	78	78	125	109	94	78	78	109	78	78	78	110	78	109	109	78	94	94	78	94	93	94	94	93	78	93	93	78	109	78	78	93	78	78	109	125	78	94	110	78	63	199.14	
  xrxr[i]= 123.784   xrxr[i]= 22.6738   xrxr[i]= 63.9669   xrxr[i]= 201.748 
otv=201.748
min=22.6738  m=1
--------------------------------------
zna=	156	63	78	531	94	47	93	141	125	625	94	140	125	157	47	531	219	140	500	1078	157	203	203	140	63	406	313	109	94	140	250	172	63	62	500	94	188	171	125	469	235	218	78	78	78	78	94	78	78	94	63	109	63	94	79	110	78	125	78	78	63	63	94	93	109	94	94	78	78	78	63	78	110	94	78	62	94	47	78	109	94	110	94	78	78	219.465	
  xrxr[i]= 130.41   xrxr[i]= 29.3   xrxr[i]= 57.3408   xrxr[i]= 208.374 
otv=208.374
min=29.3  m=1
--------------------------------------
zna=	156	94	78	422	296	94	188	109	188	546	125	141	172	141	93	500	188	140	110	844	125	265	250	125	94	453	328	125	94	219	234	188	78	93	594	172	719	265	204	390	219	266	93	78	78	93	109	141	141	93	78	93	79	110	94	125	93	141	125	78	79	94	78	93	78	78	94	94	78	78	63	94	93	94	78	78	94	78	94	109	94	93	110	78	93	237.628	
  xrxr[i]= 130.079   xrxr[i]= 28.9684   xrxr[i]= 57.6723   xrxr[i]= 208.043 
otv=208.043
min=28.9684  m=1
--------------------------------------
bnbn=77.9642	bnbn=179.074	bnbn=265.715	bnbn=0	
matrsred=	222.65	200.375	235.275	652.3	234.3	53.175	320.575	188.35	330.6	722.6	270.75	230.825	214.425	308.5	228.225	795.275	225.075	280.425	248.85	727.775	166.675	426.575	127.025	307.775	281.625	636.8	374.65	151.025	106.75	282.025	555.025	196.825	158.725	180.4	805.425	137.975	351.05	201.2	432.775	529.75	204.35	267.95	93.325	94.55	83.25	75.775	90.25	87.95	94.875	90.425	86.4	75.325	90.65	87	88.275	92.175	78.65	71.475	80.825	91.725	79.3	71.5	79.275	89.875	155.525	133.6	96.175	71.9	87.075	85.45	172	121.8	74.9	93.775	91.925	85.85	73.9	81.225	96.85	92.25	92.625	82.1	93.75	91.375	90.625	317.752	
379.775	351.1	353.875	386.375	360.5	297.25	323.9	346.05	352.75	431.7	346.8	320.025	321.375	344.55	347.225	411.775	357.375	361.775	392.95	749.6	294.575	361.275	329.3	386.75	359	451.925	384.35	342.975	306.225	340.225	376.25	321.85	324.975	356.725	381.925	315.3	331.3	354.625	390.2	483.275	351.2	309.375	85.725	88.2	80.875	81.675	89.5	89.075	91.825	100.425	87.925	106.275	90.2	90.725	91.775	91	86.325	110.95	82.825	87.25	83.55	84.775	94.975	81.225	91.8	98.1	91.325	90.6	91.45	91.825	91.5	90.6	84.85	91.775	92.875	82.85	89.45	91.925	92.925	91.05	85.875	99.275	92.55	82.4	83.925	359.866	
155.95	67.6	115.2	404.25	175.8	120.725	165.575	195.375	134.35	730.125	155.075	210.275	139.75	158.95	98.025	816.05	172.275	148.825	119.475	770.325	123.075	180.875	248.075	115.925	133.625	593.325	336.375	101.55	90.6	113.25	587.275	173.725	76.15	60.575	561.7	127.425	306.575	298.775	116.075	468.7	155.875	236.4	94.3	80.85	109	82.425	118.825	71.175	77.475	112.575	82.825	96.975	68.35	117.95	69.725	115.65	85.5	115.65	114	70.3	124.55	83.625	70.7	82.35	78.45	78.05	125	79.7	68.35	78.075	103.5	103.875	114.55	94.075	77.275	105.075	88.6	67.525	110.85	136.65	97.4	117.2	106.675	78.85	78.825	240.435	
0	0	0	0	0	0	0	0	0	0	0	0	0	0	0	0	0	0	0	0	0	0	0	0	0	0	0	0	0	0	0	0	0	0	0	0	0	0	0	0	0	0	0	0	0	0	0	0	0	0	0	0	0	0	0	0	0	0	0	0	0	0	0	0	0	0	0	0	0	0	0	0	0	0	0	0	0	0	0	0	0	0	0	0	0	0	

zna=	172	156	125	765	204	93	578	125	219	735	171	329	109	187	219	703	282	250	109	891	140	188	531	219	156	453	375	125	94	125	297	172	109	109	578	125	329	250	140	500	235	187	93	109	94	94	94	125	125	47	79	125	78	94	62	109	79	110	110	78	93	94	78	63	78	94	93	78	78	78	78	94	109	78	93	94	78	63	79	140	78	110	110	62	63	277.256	
  xrxr[i]= 149.911   xrxr[i]= 48.8007   xrxr[i]= 37.84   xrxr[i]= 227.875 
otv=227.875
min=37.84  m=2
--------------------------------------
bnbn=-60.6566	bnbn=-171.398	bnbn=137.497	
matrsred=	222.65	200.375	235.275	652.3	234.3	53.175	320.575	188.35	330.6	722.6	270.75	230.825	214.425	308.5	228.225	795.275	225.075	280.425	248.85	727.775	166.675	426.575	127.025	307.775	281.625	636.8	374.65	151.025	106.75	282.025	555.025	196.825	158.725	180.4	805.425	137.975	351.05	201.2	432.775	529.75	204.35	267.95	93.325	94.55	83.25	75.775	90.25	87.95	94.875	90.425	86.4	75.325	90.65	87	88.275	92.175	78.65	71.475	80.825	91.725	79.3	71.5	79.275	89.875	155.525	133.6	96.175	71.9	87.075	85.45	172	121.8	74.9	93.775	91.925	85.85	73.9	81.225	96.85	92.25	92.625	82.1	93.75	91.375	90.625	317.752	
379.775	351.1	353.875	386.375	360.5	297.25	323.9	346.05	352.75	431.7	346.8	320.025	321.375	344.55	347.225	411.775	357.375	361.775	392.95	749.6	294.575	361.275	329.3	386.75	359	451.925	384.35	342.975	306.225	340.225	376.25	321.85	324.975	356.725	381.925	315.3	331.3	354.625	390.2	483.275	351.2	309.375	85.725	88.2	80.875	81.675	89.5	89.075	91.825	100.425	87.925	106.275	90.2	90.725	91.775	91	86.325	110.95	82.825	87.25	83.55	84.775	94.975	81.225	91.8	98.1	91.325	90.6	91.45	91.825	91.5	90.6	84.85	91.775	92.875	82.85	89.45	91.925	92.925	91.05	85.875	99.275	92.55	82.4	83.925	359.866	
155.95	67.6	115.2	404.25	175.8	120.725	165.575	195.375	134.35	730.125	155.075	210.275	139.75	158.95	98.025	816.05	172.275	148.825	119.475	770.325	123.075	180.875	248.075	115.925	133.625	593.325	336.375	101.55	90.6	113.25	587.275	173.725	76.15	60.575	561.7	127.425	306.575	298.775	116.075	468.7	155.875	236.4	94.3	80.85	109	82.425	118.825	71.175	77.475	112.575	82.825	96.975	68.35	117.95	69.725	115.65	85.5	115.65	114	70.3	124.55	83.625	70.7	82.35	78.45	78.05	125	79.7	68.35	78.075	103.5	103.875	114.55	94.075	77.275	105.075	88.6	67.525	110.85	136.65	97.4	117.2	106.675	78.85	78.825	240.435	

zna=	187	157	156	531	188	78	218	125	219	469	187	204	125	171	563	609	141	187	172	750	188	265	313	250	312	766	406	125	141	281	516	172	125	125	515	157	250	234	234	391	187	219	94	125	93	94	125	125	172	110	94	125	94	110	78	109	110	109	110	78	110	94	110	94	94	78	125	125	78	110	94	94	110	78	125	93	93	78	156	156	78	94	109	79	94	272.163	
  xrxr[i]= 109.22   xrxr[i]= 219.961   xrxr[i]= 88.9341 
otv=48.5632
min=88.9341  m=2
--------------------------------------
